-4.52769
-4.52769
-4.52769
-4.52769
-4.52769
-4.52769
-4.52769
-4.5277
-4.5277
-4.5277
-4.5277
-4.5277
-4.5277
-4.5277
-4.5277
-4.5277
-4.52771
-4.52771
-4.52771
-4.52771
-4.52771
-4.52772
-4.52772
-4.52772
-4.52772
-4.52772
-4.52773
-4.52773
-4.52773
-4.52774
-4.52774
-4.52774
-4.52774
-4.52775
-4.52775
-4.52775
-4.52776
-4.52776
-4.52777
-4.52777
-4.52777
-4.52778
-4.52778
-4.52779
-4.52779
-4.52779
-4.5278
-4.5278
-4.52781
-4.52781
-4.52782
-4.52782
-4.52783
-4.52783
-4.52784
-4.52784
-4.52785
-4.52785
-4.52786
-4.52787
-4.52787
-4.52788
-4.52788
-4.52789
-4.5279
-4.5279
-4.52791
-4.52792
-4.52792
-4.52793
-4.52794
-4.52794
-4.52795
-4.52796
-4.52797
-4.52797
-4.52798
-4.52799
-4.528
-4.528
-4.52801
-4.52802
-4.52803
-4.52803
-4.52804
-4.52805
-4.52806
-4.52807
-4.52808
-4.52809
-4.52809
-4.5281
-4.52811
-4.52812
-4.52813
-4.52814
-4.52815
-4.52816
-4.52817
-4.52818
-4.52819
-4.5282
-4.52821
-4.52822
-4.52823
-4.52824
-4.52825
-4.52826
-4.52827
-4.52828
-4.52829
-4.5283
-4.52831
-4.52832
-4.52834
-4.52835
-4.52836
-4.52837
-4.52838
-4.52839
-4.52841
-4.52842
-4.52843
-4.52844
-4.52845
-4.52847
-4.52848
-4.52849
-4.5285
-4.52852
-4.52853
-4.52854
-4.52855
-4.52857
-4.52858
-4.52859
-4.52861
-4.52862
-4.52863
-4.52865
-4.52866
-4.52868
-4.52869
-4.5287
-4.52872
-4.52873
-4.52875
-4.52876
-4.52877
-4.52879
-4.5288
-4.52882
-4.52883
-4.52885
-4.52886
-4.52888
-4.52889
-4.52891
-4.52893
-4.52894
-4.52896
-4.52897
-4.52899
-4.529
-4.52902
-4.52904
-4.52905
-4.52907
-4.52909
-4.5291
-4.52912
-4.52914
-4.52915
-4.52917
-4.52919
-4.5292
-4.52922
-4.52924
-4.52926
-4.52927
-4.52929
-4.52931
-4.52933
-4.52934
-4.52936
-4.52938
-4.5294
-4.52942
-4.52944
-4.52945
-4.52947
-4.52949
-4.52951
-4.52953
-4.52955
-4.52957
-4.52959
-4.52961
-4.52962
-4.52964
-4.52966
-4.52968
-4.5297
-4.52972
-4.52974
-4.52976
-4.52978
-4.5298
-4.52982
-4.52984
-4.52987
-4.52989
-4.52991
-4.52993
-4.52995
-4.52997
-4.52999
-4.53001
-4.53003
-4.53005
-4.53008
-4.5301
-4.53012
-4.53014
-4.53016
-4.53019
-4.53021
-4.53023
-4.53025
-4.53027
-4.5303
-4.53032
-4.53034
-4.53037
-4.53039
-4.53041
-4.53043
-4.53046
-4.53048
-4.5305
-4.53053
-4.53055
-4.53057
-4.5306
-4.53062
-4.53065
-4.53067
-4.53069
-4.53072
-4.53074
-4.53077
-4.53079
-4.53082
-4.53084
-4.53087
-4.53089
-4.53092
-4.53094
-4.53097
-4.53099
-4.53102
-4.53104
-4.53107
-4.53109
-4.53112
-4.53115
-4.53117
-4.5312
-4.53122
-4.53125
-4.53128
-4.5313
-4.53133
-4.53136
-4.53138
-4.53141
-4.53144
-4.53146
-4.53149
-4.53152
-4.53155
-4.53157
-4.5316
-4.53163
-4.53166
-4.53168
-4.53171
-4.53174
-4.53177
-4.5318
-4.53183
-4.53185
-4.53188
-4.53191
-4.53194
-4.53197
-4.532
-4.53203
-4.53206
-4.53208
-4.53211
-4.53214
-4.53217
-4.5322
-4.53223
-4.53226
-4.53229
-4.53232
-4.53235
-4.53238
-4.53241
-4.53244
-4.53247
-4.5325
-4.53253
-4.53256
-4.5326
-4.53263
-4.53266
-4.53269
-4.53272
-4.53275
-4.53278
-4.53281
-4.53285
-4.53288
-4.53291
-4.53294
-4.53297
-4.53301
-4.53304
-4.53307
-4.5331
-4.53313
-4.53317
-4.5332
-4.53323
-4.53327
-4.5333
-4.53333
-4.53336
-4.5334
-4.53343
-4.53346
-4.5335
-4.53353
-4.53357
-4.5336
-4.53363
-4.53367
-4.5337
-4.53374
-4.53377
-4.5338
-4.53384
-4.53387
-4.53391
-4.53394
-4.53398
-4.53401
-4.53405
-4.53408
-4.53412
-4.53415
-4.53419
-4.53422
-4.53426
-4.5343
-4.53433
-4.53437
-4.5344
-4.53444
-4.53448
-4.53451
-4.53455
-4.53458
-4.53462
-4.53466
-4.53469
-4.53473
-4.53477
-4.53481
-4.53484
-4.53488
-4.53492
-4.53495
-4.53499
-4.53503
-4.53507
-4.53511
-4.53514
-4.53518
-4.53522
-4.53526
-4.5353
-4.53533
-4.53537
-4.53541
-4.53545
-4.53549
-4.53553
-4.53557
-4.53561
-4.53565
-4.53568
-4.53572
-4.53576
-4.5358
-4.53584
-4.53588
-4.53592
-4.53596
-4.536
-4.53604
-4.53608
-4.53612
-4.53616
-4.5362
-4.53624
-4.53628
-4.53633
-4.53637
-4.53641
-4.53645
-4.53649
-4.53653
-4.53657
-4.53661
-4.53665
-4.5367
-4.53674
-4.53678
-4.53682
-4.53686
-4.53691
-4.53695
-4.53699
-4.53703
-4.53708
-4.53712
-4.53716
-4.5372
-4.53725
-4.53729
-4.53733
-4.53738
-4.53742
-4.53746
-4.53751
-4.53755
-4.53759
-4.53764
-4.53768
-4.53772
-4.53777
-4.53781
-4.53786
-4.5379
-4.53794
-4.53799
-4.53803
-4.53808
-4.53812
-4.53817
-4.53821
-4.53826
-4.5383
-4.53835
-4.53839
-4.53844
-4.53848
-4.53853
-4.53858
-4.53862
-4.53867
-4.53871
-4.53876
-4.53881
-4.53885
-4.5389
-4.53894
-4.53899
-4.53904
-4.53908
-4.53913
-4.53918
-4.53923
-4.53927
-4.53932
-4.53937
-4.53941
-4.53946
-4.53951
-4.53956
-4.5396
-4.53965
-4.5397
-4.53975
-4.5398
-4.53984
-4.53989
-4.53994
-4.53999
-4.54004
-4.54009
-4.54014
-4.54018
-4.54023
-4.54028
-4.54033
-4.54038
-4.54043
-4.54048
-4.54053
-4.54058
-4.54063
-4.54068
-4.54073
-4.54078
-4.54083
-4.54088
-4.54093
-4.54098
-4.54103
-4.54108
-4.54113
-4.54118
-4.54123
-4.54128
-4.54133
-4.54139
-4.54144
-4.54149
-4.54154
-4.54159
-4.54164
-4.54169
-4.54175
-4.5418
-4.54185
-4.5419
-4.54195
-4.54201
-4.54206
-4.54211
-4.54216
-4.54222
-4.54227
-4.54232
-4.54237
-4.54243
-4.54248
-4.54253
-4.54259
-4.54264
-4.54269
-4.54275
-4.5428
-4.54285
-4.54291
-4.54296
-4.54301
-4.54307
-4.54312
-4.54318
-4.54323
-4.54329
-4.54334
-4.5434
-4.54345
-4.5435
-4.54356
-4.54361
-4.54367
-4.54372
-4.54378
-4.54384
-4.54389
-4.54395
-4.544
-4.54406
-4.54411
-4.54417
-4.54423
-4.54428
-4.54434
-4.54439
-4.54445
-4.54451
-4.54456
-4.54462
-4.54468
-4.54473
-4.54479
-4.54485
-4.5449
-4.54496
-4.54502
-4.54508
-4.54513
-4.54519
-4.54525
-4.54531
-4.54536
-4.54542
-4.54548
-4.54554
-4.5456
-4.54565
-4.54571
-4.54577
-4.54583
-4.54589
-4.54595
-4.54601
-4.54607
-4.54612
-4.54618
-4.54624
-4.5463
-4.54636
-4.54642
-4.54648
-4.54654
-4.5466
-4.54666
-4.54672
-4.54678
-4.54684
-4.5469
-4.54696
-4.54702
-4.54708
-4.54714
-4.5472
-4.54726
-4.54732
-4.54738
-4.54745
-4.54751
-4.54757
-4.54763
-4.54769
-4.54775
-4.54781
-4.54787
-4.54794
-4.548
-4.54806
-4.54812
-4.54818
-4.54825
-4.54831
-4.54837
-4.54843
-4.5485
-4.54856
-4.54862
-4.54868
-4.54875
-4.54881
-4.54887
-4.54894
-4.549
-4.54906
-4.54913
-4.54919
-4.54925
-4.54932
-4.54938
-4.54944
-4.54951
-4.54957
-4.54964
-4.5497
-4.54977
-4.54983
-4.54989
-4.54996
-4.55002
-4.55009
-4.55015
-4.55022
-4.55028
-4.55035
-4.55041
-4.55048
-4.55054
-4.55061
-4.55067
-4.55074
-4.55081
-4.55087
-4.55094
-4.551
-4.55107
-4.55114
-4.5512
-4.55127
-4.55134
-4.5514
-4.55147
-4.55154
-4.5516
-4.55167
-4.55174
-4.5518
-4.55187
-4.55194
-4.552
-4.55207
-4.55214
-4.55221
-4.55228
-4.55234
-4.55241
-4.55248
-4.55255
-4.55261
-4.55268
-4.55275
-4.55282
-4.55289
-4.55296
-4.55303
-4.55309
-4.55316
-4.55323
-4.5533
-4.55337
-4.55344
-4.55351
-4.55358
-4.55365
-4.55372
-4.55379
-4.55386
-4.55393
-4.554
-4.55407
-4.55414
-4.55421
-4.55428
-4.55435
-4.55442
-4.55449
-4.55456
-4.55463
-4.5547
-4.55477
-4.55484
-4.55491
-4.55498
-4.55506
-4.55513
-4.5552
-4.55527
-4.55534
-4.55541
-4.55548
-4.55556
-4.55563
-4.5557
-4.55577
-4.55584
-4.55592
-4.55599
-4.55606
-4.55613
-4.55621
-4.55628
-4.55635
-4.55642
-4.5565
-4.55657
-4.55664
-4.55672
-4.55679
-4.55686
-4.55694
-4.55701
-4.55708
-4.55716
-4.55723
-4.55731
-4.55738
-4.55745
-4.55753
-4.5576
-4.55768
-4.55775
-4.55783
-4.5579
-4.55798
-4.55805
-4.55812
-4.5582
-4.55827
-4.55835
-4.55843
-4.5585
-4.55858
-4.55865
-4.55873
-4.5588
-4.55888
-4.55895
-4.55903
-4.55911
-4.55918
-4.55926
-4.55933
-4.55941
-4.55949
-4.55956
-4.55964
-4.55972
-4.55979
-4.55987
-4.55995
-4.56002
-4.5601
-4.56018
-4.56026
-4.56033
-4.56041
-4.56049
-4.56057
-4.56064
-4.56072
-4.5608
-4.56088
-4.56095
-4.56103
-4.56111
-4.56119
-4.56127
-4.56135
-4.56142
-4.5615
-4.56158
-4.56166
-4.56174
-4.56182
-4.5619
-4.56198
-4.56206
-4.56214
-4.56221
-4.56229
-4.56237
-4.56245
-4.56253
-4.56261
-4.56269
-4.56277
-4.56285
-4.56293
-4.56301
-4.56309
-4.56317
-4.56325
-4.56334
-4.56342
-4.5635
-4.56358
-4.56366
-4.56374
-4.56382
-4.5639
-4.56398
-4.56406
-4.56415
-4.56423
-4.56431
-4.56439
-4.56447
-4.56455
-4.56464
-4.56472
-4.5648
-4.56488
-4.56496
-4.56505
-4.56513
-4.56521
-4.56529
-4.56538
-4.56546
-4.56554
-4.56562
-4.56571
-4.56579
-4.56587
-4.56596
-4.56604
-4.56612
-4.56621
-4.56629
-4.56637
-4.56646
-4.56654
-4.56663
-4.56671
-4.56679
-4.56688
-4.56696
-4.56705
-4.56713
-4.56722
-4.5673
-4.56738
-4.56747
-4.56755
-4.56764
-4.56772
-4.56781
-4.56789
-4.56798
-4.56806
-4.56815
-4.56824
-4.56832
-4.56841
-4.56849
-4.56858
-4.56866
-4.56875
-4.56884
-4.56892
-4.56901
-4.56909
-4.56918
-4.56927
-4.56935
-4.56944
-4.56953
-4.56961
-4.5697
-4.56979
-4.56987
-4.56996
-4.57005
-4.57014
-4.57022
-4.57031
-4.5704
-4.57049
-4.57057
-4.57066
-4.57075
-4.57084
-4.57093
-4.57101
-4.5711
-4.57119
-4.57128
-4.57137
-4.57146
-4.57154
-4.57163
-4.57172
-4.57181
-4.5719
-4.57199
-4.57208
-4.57217
-4.57225
-4.57234
-4.57243
-4.57252
-4.57261
-4.5727
-4.57279
-4.57288
-4.57297
-4.57306
-4.57315
-4.57324
-4.57333
-4.57342
-4.57351
-4.5736
-4.57369
-4.57378
-4.57387
-4.57396
-4.57406
-4.57415
-4.57424
-4.57433
-4.57442
-4.57451
-4.5746
-4.57469
-4.57479
-4.57488
-4.57497
-4.57506
-4.57515
-4.57524
-4.57534
-4.57543
-4.57552
-4.57561
-4.5757
-4.5758
-4.57589
-4.57598
-4.57607
-4.57617
-4.57626
-4.57635
-4.57644
-4.57654
-4.57663
-4.57672
-4.57682
-4.57691
-4.577
-4.5771
-4.57719
-4.57728
-4.57738
-4.57747
-4.57756
-4.57766
-4.57775
-4.57785
-4.57794
-4.57804
-4.57813
-4.57822
-4.57832
-4.57841
-4.57851
-4.5786
-4.5787
-4.57879
-4.57889
-4.57898
-4.57908
-4.57917
-4.57927
-4.57936
-4.57946
-4.57955
-4.57965
-4.57974
-4.57984
-4.57994
-4.58003
-4.58013
-4.58022
-4.58032
-4.58042
-4.58051
-4.58061
-4.5807
-4.5808
-4.5809
-4.58099
-4.58109
-4.58119
-4.58128
-4.58138
-4.58148
-4.58157
-4.58167
-4.58177
-4.58187
-4.58196
-4.58206
-4.58216
-4.58226
-4.58235
-4.58245
-4.58255
-4.58265
-4.58275
-4.58284
-4.58294
-4.58304
-4.58314
-4.58324
-4.58333
-4.58343
-4.58353
-4.58363
-4.58373
-4.58383
-4.58393
-4.58403
-4.58413
-4.58422
-4.58432
-4.58442
-4.58452
-4.58462
-4.58472
-4.58482
-4.58492
-4.58502
-4.58512
-4.58522
-4.58532
-4.58542
-4.58552
-4.58562
-4.58572
-4.58582
-4.58592
-4.58602
-4.58612
-4.58622
-4.58632
-4.58642
-4.58652
-4.58663
-4.58673
-4.58683
-4.58693
-4.58703
-4.58713
-4.58723
-4.58733
-4.58744
-4.58754
-4.58764
-4.58774
-4.58784
-4.58794
-4.58805
-4.58815
-4.58825
-4.58835
-4.58845
-4.58856
-4.58866
-4.58876
-4.58886
-4.58897
-4.58907
-4.58917
-4.58928
-4.58938
-4.58948
-4.58958
-4.58969
-4.58979
-4.58989
-4.59
-4.5901
-4.5902
-4.59031
-4.59041
-4.59052
-4.59062
-4.59072
-4.59083
-4.59093
-4.59104
-4.59114
-4.59124
-4.59135
-4.59145
-4.59156
-4.59166
-4.59177
-4.59187
-4.59198
-4.59208
-4.59218
-4.59229
-4.59239
-4.5925
-4.59261
-4.59271
-4.59282
-4.59292
-4.59303
-4.59313
-4.59324
-4.59334
-4.59345
-4.59356
-4.59366
-4.59377
-4.59387
-4.59398
-4.59409
-4.59419
-4.5943
-4.5944
-4.59451
-4.59462
-4.59472
-4.59483
-4.59494
-4.59504
-4.59515
-4.59526
-4.59537
-4.59547
-4.59558
-4.59569
-4.59579
-4.5959
-4.59601
-4.59612
-4.59622
-4.59633
-4.59644
-4.59655
-4.59666
-4.59676
-4.59687
-4.59698
-4.59709
-4.5972
-4.5973
-4.59741
-4.59752
-4.59763
-4.59774
-4.59785
-4.59796
-4.59806
-4.59817
-4.59828
-4.59839
-4.5985
-4.59861
-4.59872
-4.59883
-4.59894
-4.59905
-4.59916
-4.59927
-4.59938
-4.59948
-4.59959
-4.5997
-4.59981
-4.59992
-4.60003
-4.60014
-4.60025
-4.60036
-4.60048
-4.60059
-4.6007
-4.60081
-4.60092
-4.60103
-4.60114
-4.60125
-4.60136
-4.60147
-4.60158
-4.60169
-4.6018
-4.60192
-4.60203
-4.60214
-4.60225
-4.60236
-4.60247
-4.60258
-4.6027
-4.60281
-4.60292
-4.60303
-4.60314
-4.60326
-4.60337
-4.60348
-4.60359
-4.6037
-4.60382
-4.60393
-4.60404
-4.60415
-4.60427
-4.60438
-4.60449
-4.60461
-4.60472
-4.60483
-4.60494
-4.60506
-4.60517
-4.60528
-4.6054
-4.60551
-4.60562
-4.60574
-4.60585
-4.60597
-4.60608
-4.60619
-4.60631
-4.60642
-4.60653
-4.60665
-4.60676
-4.60688
-4.60699
-4.60711
-4.60722
-4.60733
-4.60745
-4.60756
-4.60768
-4.60779
-4.60791
-4.60802
-4.60814
-4.60825
-4.60837
-4.60848
-4.6086
-4.60871
-4.60883
-4.60894
-4.60906
-4.60917
-4.60929
-4.60941
-4.60952
-4.60964
-4.60975
-4.60987
-4.60999
-4.6101
-4.61022
-4.61033
-4.61045
-4.61057
-4.61068
-4.6108
-4.61092
-4.61103
-4.61115
-4.61127
-4.61138
-4.6115
-4.61162
-4.61173
-4.61185
-4.61197
-4.61208
-4.6122
-4.61232
-4.61244
-4.61255
-4.61267
-4.61279
-4.61291
-4.61302
-4.61314
-4.61326
-4.61338
-4.61349
-4.61361
-4.61373
-4.61385
-4.61397
-4.61408
-4.6142
-4.61432
-4.61444
-4.61456
-4.61468
-4.6148
-4.61491
-4.61503
-4.61515
-4.61527
-4.61539
-4.61551
-4.61563
-4.61575
-4.61587
-4.61598
-4.6161
-4.61622
-4.61634
-4.61646
-4.61658
-4.6167
-4.61682
-4.61694
-4.61706
-4.61718
-4.6173
-4.61742
-4.61754
-4.61766
-4.61778
-4.6179
-4.61802
-4.61814
-4.61826
-4.61838
-4.6185
-4.61862
-4.61874
-4.61887
-4.61899
-4.61911
-4.61923
-4.61935
-4.61947
-4.61959
-4.61971
-4.61983
-4.61995
-4.62008
-4.6202
-4.62032
-4.62044
-4.62056
-4.62068
-4.6208
-4.62093
-4.62105
-4.62117
-4.62129
-4.62141
-4.62154
-4.62166
-4.62178
-4.6219
-4.62203
-4.62215
-4.62227
-4.62239
-4.62252
-4.62264
-4.62276
-4.62288
-4.62301
-4.62313
-4.62325
-4.62337
-4.6235
-4.62362
-4.62374
-4.62387
-4.62399
-4.62411
-4.62424
-4.62436
-4.62448
-4.62461
-4.62473
-4.62485
-4.62498
-4.6251
-4.62523
-4.62535
-4.62547
-4.6256
-4.62572
-4.62585
-4.62597
-4.62609
-4.62622
-4.62634
-4.62647
-4.62659
-4.62672
-4.62684
-4.62697
-4.62709
-4.62722
-4.62734
-4.62747
-4.62759
-4.62772
-4.62784
-4.62797
-4.62809
-4.62822
-4.62834
-4.62847
-4.62859
-4.62872
-4.62884
-4.62897
-4.62909
-4.62922
-4.62935
-4.62947
-4.6296
-4.62972
-4.62985
-4.62998
-4.6301
-4.63023
-4.63035
-4.63048
-4.63061
-4.63073
-4.63086
-4.63099
-4.63111
-4.63124
-4.63137
-4.63149
-4.63162
-4.63175
-4.63187
-4.632
-4.63213
-4.63225
-4.63238
-4.63251
-4.63264
-4.63276
-4.63289
-4.63302
-4.63315
-4.63327
-4.6334
-4.63353
-4.63366
-4.63378
-4.63391
-4.63404
-4.63417
-4.63429
-4.63442
-4.63455
-4.63468
-4.63481
-4.63494
-4.63506
-4.63519
-4.63532
-4.63545
-4.63558
-4.63571
-4.63583
-4.63596
-4.63609
-4.63622
-4.63635
-4.63648
-4.63661
-4.63674
-4.63687
-4.63699
-4.63712
-4.63725
-4.63738
-4.63751
-4.63764
-4.63777
-4.6379
-4.63803
-4.63816
-4.63829
-4.63842
-4.63855
-4.63868
-4.63881
-4.63894
-4.63907
-4.6392
-4.63933
-4.63946
-4.63959
-4.63972
-4.63985
-4.63998
-4.64011
-4.64024
-4.64037
-4.6405
-4.64063
-4.64076
-4.64089
-4.64102
-4.64115
-4.64128
-4.64142
-4.64155
-4.64168
-4.64181
-4.64194
-4.64207
-4.6422
-4.64233
-4.64246
-4.6426
-4.64273
-4.64286
-4.64299
-4.64312
-4.64325
-4.64339
-4.64352
-4.64365
-4.64378
-4.64391
-4.64404
-4.64418
-4.64431
-4.64444
-4.64457
-4.64471
-4.64484
-4.64497
-4.6451
-4.64523
-4.64537
-4.6455
-4.64563
-4.64576
-4.6459
-4.64603
-4.64616
-4.6463
-4.64643
-4.64656
-4.64669
-4.64683
-4.64696
-4.64709
-4.64723
-4.64736
-4.64749
-4.64763
-4.64776
-4.64789
-4.64803
-4.64816
-4.64829
-4.64843
-4.64856
-4.64869
-4.64883
-4.64896
-4.6491
-4.64923
-4.64936
-4.6495
-4.64963
-4.64977
-4.6499
-4.65003
-4.65017
-4.6503
-4.65044
-4.65057
-4.65071
-4.65084
-4.65097
-4.65111
-4.65124
-4.65138
-4.65151
-4.65165
-4.65178
-4.65192
-4.65205
-4.65219
-4.65232
-4.65246
-4.65259
-4.65273
-4.65286
-4.653
-4.65313
-4.65327
-4.6534
-4.65354
-4.65368
-4.65381
-4.65395
-4.65408
-4.65422
-4.65435
-4.65449
-4.65463
-4.65476
-4.6549
-4.65503
-4.65517
-4.6553
-4.65544
-4.65558
-4.65571
-4.65585
-4.65599
-4.65612
-4.65626
-4.65639
-4.65653
-4.65667
-4.6568
-4.65694
-4.65708
-4.65721
-4.65735
-4.65749
-4.65762
-4.65776
-4.6579
-4.65804
-4.65817
-4.65831
-4.65845
-4.65858
-4.65872
-4.65886
-4.659
-4.65913
-4.65927
-4.65941
-4.65954
-4.65968
-4.65982
-4.65996
-4.6601
-4.66023
-4.66037
-4.66051
-4.66065
-4.66078
-4.66092
-4.66106
-4.6612
-4.66134
-4.66147
-4.66161
-4.66175
-4.66189
-4.66203
-4.66216
-4.6623
-4.66244
-4.66258
-4.66272
-4.66286
-4.663
-4.66313
-4.66327
-4.66341
-4.66355
-4.66369
-4.66383
-4.66397
-4.66411
-4.66424
-4.66438
-4.66452
-4.66466
-4.6648
-4.66494
-4.66508
-4.66522
-4.66536
-4.6655
-4.66564
-4.66578
-4.66592
-4.66605
-4.66619
-4.66633
-4.66647
-4.66661
-4.66675
-4.66689
-4.66703
-4.66717
-4.66731
-4.66745
-4.66759
-4.66773
-4.66787
-4.66801
-4.66815
-4.66829
-4.66843
-4.66857
-4.66871
-4.66885
-4.66899
-4.66913
-4.66927
-4.66941
-4.66956
-4.6697
-4.66984
-4.66998
-4.67012
-4.67026
-4.6704
-4.67054
-4.67068
-4.67082
-4.67096
-4.6711
-4.67124
-4.67139
-4.67153
-4.67167
-4.67181
-4.67195
-4.67209
-4.67223
-4.67237
-4.67252
-4.67266
-4.6728
-4.67294
-4.67308
-4.67322
-4.67336
-4.67351
-4.67365
-4.67379
-4.67393
-4.67407
-4.67421
-4.67436
-4.6745
-4.67464
-4.67478
-4.67492
-4.67507
-4.67521
-4.67535
-4.67549
-4.67564
-4.67578
-4.67592
-4.67606
-4.6762
-4.67635
-4.67649
-4.67663
-4.67677
-4.67692
-4.67706
-4.6772
-4.67734
-4.67749
-4.67763
-4.67777
-4.67792
-4.67806
-4.6782
-4.67834
-4.67849
-4.67863
-4.67877
-4.67892
-4.67906
-4.6792
-4.67935
-4.67949
-4.67963
-4.67978
-4.67992
-4.68006
-4.68021
-4.68035
-4.68049
-4.68064
-4.68078
-4.68092
-4.68107
-4.68121
-4.68135
-4.6815
-4.68164
-4.68179
-4.68193
-4.68207
-4.68222
-4.68236
-4.6825
-4.68265
-4.68279
-4.68294
-4.68308
-4.68323
-4.68337
-4.68351
-4.68366
-4.6838
-4.68395
-4.68409
-4.68424
-4.68438
-4.68452
-4.68467
-4.68481
-4.68496
-4.6851
-4.68525
-4.68539
-4.68554
-4.68568
-4.68583
-4.68597
-4.68612
-4.68626
-4.6864
-4.68655
-4.68669
-4.68684
-4.68698
-4.68713
-4.68727
-4.68742
-4.68757
-4.68771
-4.68786
-4.688
-4.68815
-4.68829
-4.68844
-4.68858
-4.68873
-4.68887
-4.68902
-4.68916
-4.68931
-4.68946
-4.6896
-4.68975
-4.68989
-4.69004
-4.69018
-4.69033
-4.69048
-4.69062
-4.69077
-4.69091
-4.69106
-4.6912
-4.69135
-4.6915
-4.69164
-4.69179
-4.69193
-4.69208
-4.69223
-4.69237
-4.69252
-4.69267
-4.69281
-4.69296
-4.6931
-4.69325
-4.6934
-4.69354
-4.69369
-4.69384
-4.69398
-4.69413
-4.69428
-4.69442
-4.69457
-4.69472
-4.69486
-4.69501
-4.69516
-4.6953
-4.69545
-4.6956
-4.69574
-4.69589
-4.69604
-4.69619
-4.69633
-4.69648
-4.69663
-4.69677
-4.69692
-4.69707
-4.69722
-4.69736
-4.69751
-4.69766
-4.6978
-4.69795
-4.6981
-4.69825
-4.69839
-4.69854
-4.69869
-4.69884
-4.69898
-4.69913
-4.69928
-4.69943
-4.69957
-4.69972
-4.69987
-4.70002
-4.70017
-4.70031
-4.70046
-4.70061
-4.70076
-4.7009
-4.70105
-4.7012
-4.70135
-4.7015
-4.70164
-4.70179
-4.70194
-4.70209
-4.70224
-4.70238
-4.70253
-4.70268
-4.70283
-4.70298
-4.70313
-4.70327
-4.70342
-4.70357
-4.70372
-4.70387
-4.70402
-4.70416
-4.70431
-4.70446
-4.70461
-4.70476
-4.70491
-4.70506
-4.70521
-4.70535
-4.7055
-4.70565
-4.7058
-4.70595
-4.7061
-4.70625
-4.7064
-4.70654
-4.70669
-4.70684
-4.70699
-4.70714
-4.70729
-4.70744
-4.70759
-4.70774
-4.70789
-4.70803
-4.70818
-4.70833
-4.70848
-4.70863
-4.70878
-4.70893
-4.70908
-4.70923
-4.70938
-4.70953
-4.70968
-4.70983
-4.70998
-4.71012
-4.71027
-4.71042
-4.71057
-4.71072
-4.71087
-4.71102
-4.71117
-4.71132
-4.71147
-4.71162
-4.71177
-4.71192
-4.71207
-4.71222
-4.71237
-4.71252
-4.71267
-4.71282
-4.71297
-4.71312
-4.71327
-4.71342
-4.71357
-4.71372
-4.71387
-4.71402
-4.71417
-4.71432
-4.71447
-4.71462
-4.71477
-4.71492
-4.71507
-4.71522
-4.71537
-4.71552
-4.71567
-4.71582
-4.71597
-4.71612
-4.71627
-4.71642
-4.71657
-4.71672
-4.71687
-4.71703
-4.71718
-4.71733
-4.71748
-4.71763
-4.71778
-4.71793
-4.71808
-4.71823
-4.71838
-4.71853
-4.71868
-4.71883
-4.71898
-4.71913
-4.71928
-4.71944
-4.71959
-4.71974
-4.71989
-4.72004
-4.72019
-4.72034
-4.72049
-4.72064
-4.72079
-4.72094
-4.7211
-4.72125
-4.7214
-4.72155
-4.7217
-4.72185
-4.722
-4.72215
-4.7223
-4.72246
-4.72261
-4.72276
-4.72291
-4.72306
-4.72321
-4.72336
-4.72351
-4.72367
-4.72382
-4.72397
-4.72412
-4.72427
-4.72442
-4.72457
-4.72473
-4.72488
-4.72503
-4.72518
-4.72533
-4.72548
-4.72563
-4.72579
-4.72594
-4.72609
-4.72624
-4.72639
-4.72654
-4.7267
-4.72685
-4.727
-4.72715
-4.7273
-4.72745
-4.72761
-4.72776
-4.72791
-4.72806
-4.72821
-4.72837
-4.72852
-4.72867
-4.72882
-4.72897
-4.72912
-4.72928
-4.72943
-4.72958
-4.72973
-4.72988
-4.73004
-4.73019
-4.73034
-4.73049
-4.73064
-4.7308
-4.73095
-4.7311
-4.73125
-4.73141
-4.73156
-4.73171
-4.73186
-4.73201
-4.73217
-4.73232
-4.73247
-4.73262
-4.73278
-4.73293
-4.73308
-4.73323
-4.73338
-4.73354
-4.73369
-4.73384
-4.73399
-4.73415
-4.7343
-4.73445
-4.7346
-4.73476
-4.73491
-4.73506
-4.73521
-4.73537
-4.73552
-4.73567
-4.73582
-4.73598
-4.73613
-4.73628
-4.73643
-4.73659
-4.73674
-4.73689
-4.73704
-4.7372
-4.73735
-4.7375
-4.73766
-4.73781
-4.73796
-4.73811
-4.73827
-4.73842
-4.73857
-4.73872
-4.73888
-4.73903
-4.73918
-4.73934
-4.73949
-4.73964
-4.73979
-4.73995
-4.7401
-4.74025
-4.74041
-4.74056
-4.74071
-4.74086
-4.74102
-4.74117
-4.74132
-4.74148
-4.74163
-4.74178
-4.74193
-4.74209
-4.74224
-4.74239
-4.74255
-4.7427
-4.74285
-4.74301
-4.74316
-4.74331
-4.74347
-4.74362
-4.74377
-4.74392
-4.74408
-4.74423
-4.74438
-4.74454
-4.74469
-4.74484
-4.745
-4.74515
-4.7453
-4.74546
-4.74561
-4.74576
-4.74592
-4.74607
-4.74622
-4.74638
-4.74653
-4.74668
-4.74684
-4.74699
-4.74714
-4.7473
-4.74745
-4.7476
-4.74776
-4.74791
-4.74806
-4.74822
-4.74837
-4.74852
-4.74868
-4.74883
-4.74898
-4.74914
-4.74929
-4.74944
-4.7496
-4.74975
-4.7499
-4.75006
-4.75021
-4.75036
-4.75052
-4.75067
-4.75082
-4.75098
-4.75113
-4.75128
-4.75144
-4.75159
-4.75174
-4.7519
-4.75205
-4.7522
-4.75236
-4.75251
-4.75266
-4.75282
-4.75297
-4.75313
-4.75328
-4.75343
-4.75359
-4.75374
-4.75389
-4.75405
-4.7542
-4.75435
-4.75451
-4.75466
-4.75481
-4.75497
-4.75512
-4.75528
-4.75543
-4.75558
-4.75574
-4.75589
-4.75604
-4.7562
-4.75635
-4.7565
-4.75666
-4.75681
-4.75697
-4.75712
-4.75727
-4.75743
-4.75758
-4.75773
-4.75789
-4.75804
-4.75819
-4.75835
-4.7585
-4.75866
-4.75881
-4.75896
-4.75912
-4.75927
-4.75942
-4.75958
-4.75973
-4.75989
-4.76004
-4.76019
-4.76035
-4.7605
-4.76065
-4.76081
-4.76096
-4.76111
-4.76127
-4.76142
-4.76158
-4.76173
-4.76188
-4.76204
-4.76219
-4.76234
-4.7625
-4.76265
-4.76281
-4.76296
-4.76311
-4.76327
-4.76342
-4.76357
-4.76373
-4.76388
-4.76404
-4.76419
-4.76434
-4.7645
-4.76465
-4.7648
-4.76496
-4.76511
-4.76527
-4.76542
-4.76557
-4.76573
-4.76588
-4.76603
-4.76619
-4.76634
-4.7665
-4.76665
-4.7668
-4.76696
-4.76711
-4.76726
-4.76742
-4.76757
-4.76773
-4.76788
-4.76803
-4.76819
-4.76834
-4.76849
-4.76865
-4.7688
-4.76896
-4.76911
-4.76926
-4.76942
-4.76957
-4.76972
-4.76988
-4.77003
-4.77019
-4.77034
-4.77049
-4.77065
-4.7708
-4.77095
-4.77111
-4.77126
-4.77141
-4.77157
-4.77172
-4.77188
-4.77203
-4.77218
-4.77234
-4.77249
-4.77264
-4.7728
-4.77295
-4.77311
-4.77326
-4.77341
-4.77357
-4.77372
-4.77387
-4.77403
-4.77418
-4.77433
-4.77449
-4.77464
-4.7748
-4.77495
-4.7751
-4.77526
-4.77541
-4.77556
-4.77572
-4.77587
-4.77602
-4.77618
-4.77633
-4.77648
-4.77664
-4.77679
-4.77695
-4.7771
-4.77725
-4.77741
-4.77756
-4.77771
-4.77787
-4.77802
-4.77817
-4.77833
-4.77848
-4.77863
-4.77879
-4.77894
-4.77909
-4.77925
-4.7794
-4.77955
-4.77971
-4.77986
-4.78001
-4.78017
-4.78032
-4.78048
-4.78063
-4.78078
-4.78094
-4.78109
-4.78124
-4.7814
-4.78155
-4.7817
-4.78186
-4.78201
-4.78216
-4.78232
-4.78247
-4.78262
-4.78278
-4.78293
-4.78308
-4.78324
-4.78339
-4.78354
-4.7837
-4.78385
-4.784
-4.78416
-4.78431
-4.78446
-4.78461
-4.78477
-4.78492
-4.78507
-4.78523
-4.78538
-4.78553
-4.78569
-4.78584
-4.78599
-4.78615
-4.7863
-4.78645
-4.78661
-4.78676
-4.78691
-4.78706
-4.78722
-4.78737
-4.78752
-4.78768
-4.78783
-4.78798
-4.78814
-4.78829
-4.78844
-4.7886
-4.78875
-4.7889
-4.78905
-4.78921
-4.78936
-4.78951
-4.78967
-4.78982
-4.78997
-4.79012
-4.79028
-4.79043
-4.79058
-4.79074
-4.79089
-4.79104
-4.79119
-4.79135
-4.7915
-4.79165
-4.79181
-4.79196
-4.79211
-4.79226
-4.79242
-4.79257
-4.79272
-4.79287
-4.79303
-4.79318
-4.79333
-4.79348
-4.79364
-4.79379
-4.79394
-4.79409
-4.79425
-4.7944
-4.79455
-4.79471
-4.79486
-4.79501
-4.79516
-4.79532
-4.79547
-4.79562
-4.79577
-4.79592
-4.79608
-4.79623
-4.79638
-4.79653
-4.79669
-4.79684
-4.79699
-4.79714
-4.7973
-4.79745
-4.7976
-4.79775
-4.7979
-4.79806
-4.79821
-4.79836
-4.79851
-4.79867
-4.79882
-4.79897
-4.79912
-4.79927
-4.79943
-4.79958
-4.79973
-4.79988
-4.80003
-4.80019
-4.80034
-4.80049
-4.80064
-4.80079
-4.80095
-4.8011
-4.80125
-4.8014
-4.80155
-4.80171
-4.80186
-4.80201
-4.80216
-4.80231
-4.80247
-4.80262
-4.80277
-4.80292
-4.80307
-4.80322
-4.80338
-4.80353
-4.80368
-4.80383
-4.80398
-4.80413
-4.80429
-4.80444
-4.80459
-4.80474
-4.80489
-4.80504
-4.80519
-4.80535
-4.8055
-4.80565
-4.8058
-4.80595
-4.8061
-4.80625
-4.80641
-4.80656
-4.80671
-4.80686
-4.80701
-4.80716
-4.80731
-4.80746
-4.80762
-4.80777
-4.80792
-4.80807
-4.80822
-4.80837
-4.80852
-4.80867
-4.80882
-4.80898
-4.80913
-4.80928
-4.80943
-4.80958
-4.80973
-4.80988
-4.81003
-4.81018
-4.81033
-4.81049
-4.81064
-4.81079
-4.81094
-4.81109
-4.81124
-4.81139
-4.81154
-4.81169
-4.81184
-4.81199
-4.81214
-4.81229
-4.81244
-4.81259
-4.81275
-4.8129
-4.81305
-4.8132
-4.81335
-4.8135
-4.81365
-4.8138
-4.81395
-4.8141
-4.81425
-4.8144
-4.81455
-4.8147
-4.81485
-4.815
-4.81515
-4.8153
-4.81545
-4.8156
-4.81575
-4.8159
-4.81605
-4.8162
-4.81635
-4.8165
-4.81665
-4.8168
-4.81695
-4.8171
-4.81725
-4.8174
-4.81755
-4.8177
-4.81785
-4.818
-4.81815
-4.8183
-4.81845
-4.8186
-4.81875
-4.8189
-4.81905
-4.8192
-4.81935
-4.8195
-4.81965
-4.8198
-4.81995
-4.8201
-4.82025
-4.82039
-4.82054
-4.82069
-4.82084
-4.82099
-4.82114
-4.82129
-4.82144
-4.82159
-4.82174
-4.82189
-4.82204
-4.82219
-4.82233
-4.82248
-4.82263
-4.82278
-4.82293
-4.82308
-4.82323
-4.82338
-4.82353
-4.82368
-4.82382
-4.82397
-4.82412
-4.82427
-4.82442
-4.82457
-4.82472
-4.82487
-4.82501
-4.82516
-4.82531
-4.82546
-4.82561
-4.82576
-4.82591
-4.82605
-4.8262
-4.82635
-4.8265
-4.82665
-4.8268
-4.82694
-4.82709
-4.82724
-4.82739
-4.82754
-4.82769
-4.82783
-4.82798
-4.82813
-4.82828
-4.82843
-4.82857
-4.82872
-4.82887
-4.82902
-4.82917
-4.82931
-4.82946
-4.82961
-4.82976
-4.8299
-4.83005
-4.8302
-4.83035
-4.8305
-4.83064
-4.83079
-4.83094
-4.83109
-4.83123
-4.83138
-4.83153
-4.83168
-4.83182
-4.83197
-4.83212
-4.83227
-4.83241
-4.83256
-4.83271
-4.83285
-4.833
-4.83315
-4.8333
-4.83344
-4.83359
-4.83374
-4.83388
-4.83403
-4.83418
-4.83432
-4.83447
-4.83462
-4.83477
-4.83491
-4.83506
-4.83521
-4.83535
-4.8355
-4.83565
-4.83579
-4.83594
-4.83608
-4.83623
-4.83638
-4.83652
-4.83667
-4.83682
-4.83696
-4.83711
-4.83726
-4.8374
-4.83755
-4.83769
-4.83784
-4.83799
-4.83813
-4.83828
-4.83843
-4.83857
-4.83872
-4.83886
-4.83901
-4.83915
-4.8393
-4.83945
-4.83959
-4.83974
-4.83988
-4.84003
-4.84018
-4.84032
-4.84047
-4.84061
-4.84076
-4.8409
-4.84105
-4.84119
-4.84134
-4.84148
-4.84163
-4.84178
-4.84192
-4.84207
-4.84221
-4.84236
-4.8425
-4.84265
-4.84279
-4.84294
-4.84308
-4.84323
-4.84337
-4.84352
-4.84366
-4.84381
-4.84395
-4.8441
-4.84424
-4.84438
-4.84453
-4.84467
-4.84482
-4.84496
-4.84511
-4.84525
-4.8454
-4.84554
-4.84569
-4.84583
-4.84597
-4.84612
-4.84626
-4.84641
-4.84655
-4.8467
-4.84684
-4.84698
-4.84713
-4.84727
-4.84742
-4.84756
-4.8477
-4.84785
-4.84799
-4.84813
-4.84828
-4.84842
-4.84857
-4.84871
-4.84885
-4.849
-4.84914
-4.84928
-4.84943
-4.84957
-4.84971
-4.84986
-4.85
-4.85014
-4.85029
-4.85043
-4.85057
-4.85072
-4.85086
-4.851
-4.85115
-4.85129
-4.85143
-4.85157
-4.85172
-4.85186
-4.852
-4.85215
-4.85229
-4.85243
-4.85257
-4.85272
-4.85286
-4.853
-4.85314
-4.85329
-4.85343
-4.85357
-4.85371
-4.85386
-4.854
-4.85414
-4.85428
-4.85442
-4.85457
-4.85471
-4.85485
-4.85499
-4.85513
-4.85528
-4.85542
-4.85556
-4.8557
-4.85584
-4.85599
-4.85613
-4.85627
-4.85641
-4.85655
-4.85669
-4.85684
-4.85698
-4.85712
-4.85726
-4.8574
-4.85754
-4.85768
-4.85782
-4.85797
-4.85811
-4.85825
-4.85839
-4.85853
-4.85867
-4.85881
-4.85895
-4.85909
-4.85923
-4.85938
-4.85952
-4.85966
-4.8598
-4.85994
-4.86008
-4.86022
-4.86036
-4.8605
-4.86064
-4.86078
-4.86092
-4.86106
-4.8612
-4.86134
-4.86148
-4.86162
-4.86176
-4.8619
-4.86204
-4.86218
-4.86232
-4.86246
-4.8626
-4.86274
-4.86288
-4.86302
-4.86316
-4.8633
-4.86344
-4.86358
-4.86372
-4.86386
-4.864
-4.86414
-4.86428
-4.86442
-4.86455
-4.86469
-4.86483
-4.86497
-4.86511
-4.86525
-4.86539
-4.86553
-4.86567
-4.86581
-4.86594
-4.86608
-4.86622
-4.86636
-4.8665
-4.86664
-4.86678
-4.86691
-4.86705
-4.86719
-4.86733
-4.86747
-4.86761
-4.86774
-4.86788
-4.86802
-4.86816
-4.8683
-4.86843
-4.86857
-4.86871
-4.86885
-4.86899
-4.86912
-4.86926
-4.8694
-4.86954
-4.86967
-4.86981
-4.86995
-4.87009
-4.87022
-4.87036
-4.8705
-4.87064
-4.87077
-4.87091
-4.87105
-4.87119
-4.87132
-4.87146
-4.8716
-4.87173
-4.87187
-4.87201
-4.87214
-4.87228
-4.87242
-4.87255
-4.87269
-4.87283
-4.87296
-4.8731
-4.87324
-4.87337
-4.87351
-4.87364
-4.87378
-4.87392
-4.87405
-4.87419
-4.87433
-4.87446
-4.8746
-4.87473
-4.87487
-4.875
-4.87514
-4.87528
-4.87541
-4.87555
-4.87568
-4.87582
-4.87595
-4.87609
-4.87622
-4.87636
-4.8765
-4.87663
-4.87677
-4.8769
-4.87704
-4.87717
-4.87731
-4.87744
-4.87758
-4.87771
-4.87785
-4.87798
-4.87811
-4.87825
-4.87838
-4.87852
-4.87865
-4.87879
-4.87892
-4.87906
-4.87919
-4.87932
-4.87946
-4.87959
-4.87973
-4.87986
-4.88
-4.88013
-4.88026
-4.8804
-4.88053
-4.88066
-4.8808
-4.88093
-4.88107
-4.8812
-4.88133
-4.88147
-4.8816
-4.88173
-4.88187
-4.882
-4.88213
-4.88227
-4.8824
-4.88253
-4.88266
-4.8828
-4.88293
-4.88306
-4.8832
-4.88333
-4.88346
-4.88359
-4.88373
-4.88386
-4.88399
-4.88412
-4.88426
-4.88439
-4.88452
-4.88465
-4.88479
-4.88492
-4.88505
-4.88518
-4.88531
-4.88545
-4.88558
-4.88571
-4.88584
-4.88597
-4.8861
-4.88624
-4.88637
-4.8865
-4.88663
-4.88676
-4.88689
-4.88702
-4.88716
-4.88729
-4.88742
-4.88755
-4.88768
-4.88781
-4.88794
-4.88807
-4.8882
-4.88833
-4.88847
-4.8886
-4.88873
-4.88886
-4.88899
-4.88912
-4.88925
-4.88938
-4.88951
-4.88964
-4.88977
-4.8899
-4.89003
-4.89016
-4.89029
-4.89042
-4.89055
-4.89068
-4.89081
-4.89094
-4.89107
-4.8912
-4.89133
-4.89146
-4.89159
-4.89172
-4.89184
-4.89197
-4.8921
-4.89223
-4.89236
-4.89249
-4.89262
-4.89275
-4.89288
-4.89301
-4.89313
-4.89326
-4.89339
-4.89352
-4.89365
-4.89378
-4.89391
-4.89403
-4.89416
-4.89429
-4.89442
-4.89455
-4.89468
-4.8948
-4.89493
-4.89506
-4.89519
-4.89532
-4.89544
-4.89557
-4.8957
-4.89583
-4.89595
-4.89608
-4.89621
-4.89634
-4.89646
-4.89659
-4.89672
-4.89684
-4.89697
-4.8971
-4.89723
-4.89735
-4.89748
-4.89761
-4.89773
-4.89786
-4.89799
-4.89811
-4.89824
-4.89837
-4.89849
-4.89862
-4.89874
-4.89887
-4.899
-4.89912
-4.89925
-4.89938
-4.8995
-4.89963
-4.89975
-4.89988
-4.9
-4.90013
-4.90026
-4.90038
-4.90051
-4.90063
-4.90076
-4.90088
-4.90101
-4.90113
-4.90126
-4.90138
-4.90151
-4.90163
-4.90176
-4.90188
-4.90201
-4.90213
-4.90226
-4.90238
-4.90251
-4.90263
-4.90276
-4.90288
-4.903
-4.90313
-4.90325
-4.90338
-4.9035
-4.90362
-4.90375
-4.90387
-4.904
-4.90412
-4.90424
-4.90437
-4.90449
-4.90461
-4.90474
-4.90486
-4.90498
-4.90511
-4.90523
-4.90535
-4.90548
-4.9056
-4.90572
-4.90585
-4.90597
-4.90609
-4.90621
-4.90634
-4.90646
-4.90658
-4.9067
-4.90683
-4.90695
-4.90707
-4.90719
-4.90732
-4.90744
-4.90756
-4.90768
-4.9078
-4.90793
-4.90805
-4.90817
-4.90829
-4.90841
-4.90853
-4.90866
-4.90878
-4.9089
-4.90902
-4.90914
-4.90926
-4.90938
-4.9095
-4.90963
-4.90975
-4.90987
-4.90999
-4.91011
-4.91023
-4.91035
-4.91047
-4.91059
-4.91071
-4.91083
-4.91095
-4.91107
-4.91119
-4.91131
-4.91143
-4.91155
-4.91167
-4.91179
-4.91191
-4.91203
-4.91215
-4.91227
-4.91239
-4.91251
-4.91263
-4.91275
-4.91287
-4.91299
-4.91311
-4.91323
-4.91335
-4.91346
-4.91358
-4.9137
-4.91382
-4.91394
-4.91406
-4.91418
-4.9143
-4.91441
-4.91453
-4.91465
-4.91477
-4.91489
-4.91501
-4.91512
-4.91524
-4.91536
-4.91548
-4.9156
-4.91571
-4.91583
-4.91595
-4.91607
-4.91618
-4.9163
-4.91642
-4.91654
-4.91665
-4.91677
-4.91689
-4.917
-4.91712
-4.91724
-4.91735
-4.91747
-4.91759
-4.9177
-4.91782
-4.91794
-4.91805
-4.91817
-4.91829
-4.9184
-4.91852
-4.91864
-4.91875
-4.91887
-4.91898
-4.9191
-4.91922
-4.91933
-4.91945
-4.91956
-4.91968
-4.91979
-4.91991
-4.92002
-4.92014
-4.92025
-4.92037
-4.92048
-4.9206
-4.92071
-4.92083
-4.92094
-4.92106
-4.92117
-4.92129
-4.9214
-4.92152
-4.92163
-4.92175
-4.92186
-4.92197
-4.92209
-4.9222
-4.92232
-4.92243
-4.92254
-4.92266
-4.92277
-4.92289
-4.923
-4.92311
-4.92323
-4.92334
-4.92345
-4.92357
-4.92368
-4.92379
-4.92391
-4.92402
-4.92413
-4.92424
-4.92436
-4.92447
-4.92458
-4.92469
-4.92481
-4.92492
-4.92503
-4.92514
-4.92526
-4.92537
-4.92548
-4.92559
-4.9257
-4.92582
-4.92593
-4.92604
-4.92615
-4.92626
-4.92637
-4.92649
-4.9266
-4.92671
-4.92682
-4.92693
-4.92704
-4.92715
-4.92726
-4.92738
-4.92749
-4.9276
-4.92771
-4.92782
-4.92793
-4.92804
-4.92815
-4.92826
-4.92837
-4.92848
-4.92859
-4.9287
-4.92881
-4.92892
-4.92903
-4.92914
-4.92925
-4.92936
-4.92947
-4.92958
-4.92969
-4.9298
-4.92991
-4.93002
-4.93012
-4.93023
-4.93034
-4.93045
-4.93056
-4.93067
-4.93078
-4.93089
-4.931
-4.9311
-4.93121
-4.93132
-4.93143
-4.93154
-4.93165
-4.93175
-4.93186
-4.93197
-4.93208
-4.93218
-4.93229
-4.9324
-4.93251
-4.93262
-4.93272
-4.93283
-4.93294
-4.93304
-4.93315
-4.93326
-4.93337
-4.93347
-4.93358
-4.93369
-4.93379
-4.9339
-4.93401
-4.93411
-4.93422
-4.93433
-4.93443
-4.93454
-4.93464
-4.93475
-4.93486
-4.93496
-4.93507
-4.93517
-4.93528
-4.93538
-4.93549
-4.9356
-4.9357
-4.93581
-4.93591
-4.93602
-4.93612
-4.93623
-4.93633
-4.93644
-4.93654
-4.93665
-4.93675
-4.93686
-4.93696
-4.93706
-4.93717
-4.93727
-4.93738
-4.93748
-4.93759
-4.93769
-4.93779
-4.9379
-4.938
-4.9381
-4.93821
-4.93831
-4.93842
-4.93852
-4.93862
-4.93873
-4.93883
-4.93893
-4.93903
-4.93914
-4.93924
-4.93934
-4.93945
-4.93955
-4.93965
-4.93975
-4.93986
-4.93996
-4.94006
-4.94016
-4.94026
-4.94037
-4.94047
-4.94057
-4.94067
-4.94077
-4.94088
-4.94098
-4.94108
-4.94118
-4.94128
-4.94138
-4.94148
-4.94159
-4.94169
-4.94179
-4.94189
-4.94199
-4.94209
-4.94219
-4.94229
-4.94239
-4.94249
-4.94259
-4.94269
-4.94279
-4.94289
-4.94299
-4.94309
-4.94319
-4.94329
-4.94339
-4.94349
-4.94359
-4.94369
-4.94379
-4.94389
-4.94399
-4.94409
-4.94419
-4.94429
-4.94439
-4.94449
-4.94458
-4.94468
-4.94478
-4.94488
-4.94498
-4.94508
-4.94518
-4.94527
-4.94537
-4.94547
-4.94557
-4.94567
-4.94576
-4.94586
-4.94596
-4.94606
-4.94616
-4.94625
-4.94635
-4.94645
-4.94654
-4.94664
-4.94674
-4.94684
-4.94693
-4.94703
-4.94713
-4.94722
-4.94732
-4.94742
-4.94751
-4.94761
-4.94771
-4.9478
-4.9479
-4.94799
-4.94809
-4.94819
-4.94828
-4.94838
-4.94847
-4.94857
-4.94867
-4.94876
-4.94886
-4.94895
-4.94905
-4.94914
-4.94924
-4.94933
-4.94943
-4.94952
-4.94962
-4.94971
-4.94981
-4.9499
-4.95
-4.95009
-4.95018
-4.95028
-4.95037
-4.95047
-4.95056
-4.95065
-4.95075
-4.95084
-4.95094
-4.95103
-4.95112
-4.95122
-4.95131
-4.9514
-4.9515
-4.95159
-4.95168
-4.95178
-4.95187
-4.95196
-4.95205
-4.95215
-4.95224
-4.95233
-4.95242
-4.95252
-4.95261
-4.9527
-4.95279
-4.95288
-4.95298
-4.95307
-4.95316
-4.95325
-4.95334
-4.95343
-4.95353
-4.95362
-4.95371
-4.9538
-4.95389
-4.95398
-4.95407
-4.95416
-4.95425
-4.95435
-4.95444
-4.95453
-4.95462
-4.95471
-4.9548
-4.95489
-4.95498
-4.95507
-4.95516
-4.95525
-4.95534
-4.95543
-4.95552
-4.95561
-4.9557
-4.95579
-4.95587
-4.95596
-4.95605
-4.95614
-4.95623
-4.95632
-4.95641
-4.9565
-4.95659
-4.95668
-4.95676
-4.95685
-4.95694
-4.95703
-4.95712
-4.9572
-4.95729
-4.95738
-4.95747
-4.95756
-4.95764
-4.95773
-4.95782
-4.95791
-4.95799
-4.95808
-4.95817
-4.95826
-4.95834
-4.95843
-4.95852
-4.9586
-4.95869
-4.95878
-4.95886
-4.95895
-4.95904
-4.95912
-4.95921
-4.95929
-4.95938
-4.95947
-4.95955
-4.95964
-4.95972
-4.95981
-4.95989
-4.95998
-4.96007
-4.96015
-4.96024
-4.96032
-4.96041
-4.96049
-4.96058
-4.96066
-4.96075
-4.96083
-4.96091
-4.961
-4.96108
-4.96117
-4.96125
-4.96134
-4.96142
-4.9615
-4.96159
-4.96167
-4.96176
-4.96184
-4.96192
-4.96201
-4.96209
-4.96217
-4.96226
-4.96234
-4.96242
-4.9625
-4.96259
-4.96267
-4.96275
-4.96284
-4.96292
-4.963
-4.96308
-4.96317
-4.96325
-4.96333
-4.96341
-4.96349
-4.96358
-4.96366
-4.96374
-4.96382
-4.9639
-4.96398
-4.96406
-4.96415
-4.96423
-4.96431
-4.96439
-4.96447
-4.96455
-4.96463
-4.96471
-4.96479
-4.96487
-4.96495
-4.96503
-4.96511
-4.96519
-4.96527
-4.96535
-4.96543
-4.96551
-4.96559
-4.96567
-4.96575
-4.96583
-4.96591
-4.96599
-4.96607
-4.96615
-4.96623
-4.96631
-4.96639
-4.96646
-4.96654
-4.96662
-4.9667
-4.96678
-4.96686
-4.96693
-4.96701
-4.96709
-4.96717
-4.96725
-4.96732
-4.9674
-4.96748
-4.96756
-4.96764
-4.96771
-4.96779
-4.96787
-4.96794
-4.96802
-4.9681
-4.96818
-4.96825
-4.96833
-4.96841
-4.96848
-4.96856
-4.96863
-4.96871
-4.96879
-4.96886
-4.96894
-4.96901
-4.96909
-4.96917
-4.96924
-4.96932
-4.96939
-4.96947
-4.96954
-4.96962
-4.96969
-4.96977
-4.96984
-4.96992
-4.96999
-4.97007
-4.97014
-4.97022
-4.97029
-4.97037
-4.97044
-4.97051
-4.97059
-4.97066
-4.97074
-4.97081
-4.97088
-4.97096
-4.97103
-4.9711
-4.97118
-4.97125
-4.97132
-4.9714
-4.97147
-4.97154
-4.97162
-4.97169
-4.97176
-4.97183
-4.97191
-4.97198
-4.97205
-4.97212
-4.9722
-4.97227
-4.97234
-4.97241
-4.97248
-4.97256
-4.97263
-4.9727
-4.97277
-4.97284
-4.97291
-4.97298
-4.97305
-4.97313
-4.9732
-4.97327
-4.97334
-4.97341
-4.97348
-4.97355
-4.97362
-4.97369
-4.97376
-4.97383
-4.9739
-4.97397
-4.97404
-4.97411
-4.97418
-4.97425
-4.97432
-4.97439
-4.97446
-4.97453
-4.9746
-4.97466
-4.97473
-4.9748
-4.97487
-4.97494
-4.97501
-4.97508
-4.97515
-4.97521
-4.97528
-4.97535
-4.97542
-4.97549
-4.97555
-4.97562
-4.97569
-4.97576
-4.97582
-4.97589
-4.97596
-4.97603
-4.97609
-4.97616
-4.97623
-4.97629
-4.97636
-4.97643
-4.97649
-4.97656
-4.97663
-4.97669
-4.97676
-4.97683
-4.97689
-4.97696
-4.97702
-4.97709
-4.97716
-4.97722
-4.97729
-4.97735
-4.97742
-4.97748
-4.97755
-4.97761
-4.97768
-4.97774
-4.97781
-4.97787
-4.97794
-4.978
-4.97807
-4.97813
-4.9782
-4.97826
-4.97832
-4.97839
-4.97845
-4.97852
-4.97858
-4.97864
-4.97871
-4.97877
-4.97883
-4.9789
-4.97896
-4.97902
-4.97909
-4.97915
-4.97921
-4.97927
-4.97934
-4.9794
-4.97946
-4.97952
-4.97959
-4.97965
-4.97971
-4.97977
-4.97983
-4.9799
-4.97996
-4.98002
-4.98008
-4.98014
-4.9802
-4.98027
-4.98033
-4.98039
-4.98045
-4.98051
-4.98057
-4.98063
-4.98069
-4.98075
-4.98081
-4.98087
-4.98093
-4.98099
-4.98105
-4.98111
-4.98117
-4.98123
-4.98129
-4.98135
-4.98141
-4.98147
-4.98153
-4.98159
-4.98165
-4.98171
-4.98177
-4.98183
-4.98188
-4.98194
-4.982
-4.98206
-4.98212
-4.98218
-4.98224
-4.98229
-4.98235
-4.98241
-4.98247
-4.98253
-4.98258
-4.98264
-4.9827
-4.98276
-4.98281
-4.98287
-4.98293
-4.98298
-4.98304
-4.9831
-4.98315
-4.98321
-4.98327
-4.98332
-4.98338
-4.98344
-4.98349
-4.98355
-4.98361
-4.98366
-4.98372
-4.98377
-4.98383
-4.98388
-4.98394
-4.984
-4.98405
-4.98411
-4.98416
-4.98422
-4.98427
-4.98433
-4.98438
-4.98443
-4.98449
-4.98454
-4.9846
-4.98465
-4.98471
-4.98476
-4.98481
-4.98487
-4.98492
-4.98498
-4.98503
-4.98508
-4.98514
-4.98519
-4.98524
-4.9853
-4.98535
-4.9854
-4.98546
-4.98551
-4.98556
-4.98561
-4.98567
-4.98572
-4.98577
-4.98582
-4.98587
-4.98593
-4.98598
-4.98603
-4.98608
-4.98613
-4.98619
-4.98624
-4.98629
-4.98634
-4.98639
-4.98644
-4.98649
-4.98654
-4.98659
-4.98665
-4.9867
-4.98675
-4.9868
-4.98685
-4.9869
-4.98695
-4.987
-4.98705
-4.9871
-4.98715
-4.9872
-4.98725
-4.9873
-4.98735
-4.98739
-4.98744
-4.98749
-4.98754
-4.98759
-4.98764
-4.98769
-4.98774
-4.98779
-4.98783
-4.98788
-4.98793
-4.98798
-4.98803
-4.98807
-4.98812
-4.98817
-4.98822
-4.98827
-4.98831
-4.98836
-4.98841
-4.98846
-4.9885
-4.98855
-4.9886
-4.98864
-4.98869
-4.98874
-4.98878
-4.98883
-4.98888
-4.98892
-4.98897
-4.98901
-4.98906
-4.98911
-4.98915
-4.9892
-4.98924
-4.98929
-4.98933
-4.98938
-4.98943
-4.98947
-4.98952
-4.98956
-4.98961
-4.98965
-4.98969
-4.98974
-4.98978
-4.98983
-4.98987
-4.98992
-4.98996
-4.99
-4.99005
-4.99009
-4.99014
-4.99018
-4.99022
-4.99027
-4.99031
-4.99035
-4.9904
-4.99044
-4.99048
-4.99053
-4.99057
-4.99061
-4.99065
-4.9907
-4.99074
-4.99078
-4.99082
-4.99086
-4.99091
-4.99095
-4.99099
-4.99103
-4.99107
-4.99112
-4.99116
-4.9912
-4.99124
-4.99128
-4.99132
-4.99136
-4.9914
-4.99144
-4.99149
-4.99153
-4.99157
-4.99161
-4.99165
-4.99169
-4.99173
-4.99177
-4.99181
-4.99185
-4.99189
-4.99193
-4.99197
-4.99201
-4.99204
-4.99208
-4.99212
-4.99216
-4.9922
-4.99224
-4.99228
-4.99232
-4.99236
-4.99239
-4.99243
-4.99247
-4.99251
-4.99255
-4.99259
-4.99262
-4.99266
-4.9927
-4.99274
-4.99277
-4.99281
-4.99285
-4.99289
-4.99292
-4.99296
-4.993
-4.99303
-4.99307
-4.99311
-4.99314
-4.99318
-4.99322
-4.99325
-4.99329
-4.99332
-4.99336
-4.9934
-4.99343
-4.99347
-4.9935
-4.99354
-4.99357
-4.99361
-4.99365
-4.99368
-4.99372
-4.99375
-4.99379
-4.99382
-4.99385
-4.99389
-4.99392
-4.99396
-4.99399
-4.99403
-4.99406
-4.99409
-4.99413
-4.99416
-4.9942
-4.99423
-4.99426
-4.9943
-4.99433
-4.99436
-4.9944
-4.99443
-4.99446
-4.99449
-4.99453
-4.99456
-4.99459
-4.99462
-4.99466
-4.99469
-4.99472
-4.99475
-4.99479
-4.99482
-4.99485
-4.99488
-4.99491
-4.99494
-4.99497
-4.99501
-4.99504
-4.99507
-4.9951
-4.99513
-4.99516
-4.99519
-4.99522
-4.99525
-4.99528
-4.99531
-4.99534
-4.99537
-4.9954
-4.99543
-4.99546
-4.99549
-4.99552
-4.99555
-4.99558
-4.99561
-4.99564
-4.99567
-4.9957
-4.99573
-4.99576
-4.99578
-4.99581
-4.99584
-4.99587
-4.9959
-4.99593
-4.99595
-4.99598
-4.99601
-4.99604
-4.99607
-4.99609
-4.99612
-4.99615
-4.99618
-4.9962
-4.99623
-4.99626
-4.99629
-4.99631
-4.99634
-4.99637
-4.99639
-4.99642
-4.99645
-4.99647
-4.9965
-4.99652
-4.99655
-4.99658
-4.9966
-4.99663
-4.99665
-4.99668
-4.9967
-4.99673
-4.99675
-4.99678
-4.9968
-4.99683
-4.99685
-4.99688
-4.9969
-4.99693
-4.99695
-4.99698
-4.997
-4.99703
-4.99705
-4.99707
-4.9971
-4.99712
-4.99714
-4.99717
-4.99719
-4.99722
-4.99724
-4.99726
-4.99728
-4.99731
-4.99733
-4.99735
-4.99738
-4.9974
-4.99742
-4.99744
-4.99747
-4.99749
-4.99751
-4.99753
-4.99755
-4.99758
-4.9976
-4.99762
-4.99764
-4.99766
-4.99768
-4.99771
-4.99773
-4.99775
-4.99777
-4.99779
-4.99781
-4.99783
-4.99785
-4.99787
-4.99789
-4.99791
-4.99793
-4.99795
-4.99797
-4.99799
-4.99801
-4.99803
-4.99805
-4.99807
-4.99809
-4.99811
-4.99813
-4.99815
-4.99817
-4.99819
-4.9982
-4.99822
-4.99824
-4.99826
-4.99828
-4.9983
-4.99832
-4.99833
-4.99835
-4.99837
-4.99839
-4.99841
-4.99842
-4.99844
-4.99846
-4.99847
-4.99849
-4.99851
-4.99853
-4.99854
-4.99856
-4.99858
-4.99859
-4.99861
-4.99863
-4.99864
-4.99866
-4.99868
-4.99869
-4.99871
-4.99872
-4.99874
-4.99875
-4.99877
-4.99879
-4.9988
-4.99882
-4.99883
-4.99885
-4.99886
-4.99888
-4.99889
-4.99891
-4.99892
-4.99894
-4.99895
-4.99896
-4.99898
-4.99899
-4.99901
-4.99902
-4.99903
-4.99905
-4.99906
-4.99907
-4.99909
-4.9991
-4.99911
-4.99913
-4.99914
-4.99915
-4.99917
-4.99918
-4.99919
-4.9992
-4.99922
-4.99923
-4.99924
-4.99925
-4.99927
-4.99928
-4.99929
-4.9993
-4.99931
-4.99932
-4.99934
-4.99935
-4.99936
-4.99937
-4.99938
-4.99939
-4.9994
-4.99941
-4.99942
-4.99943
-4.99945
-4.99946
-4.99947
-4.99948
-4.99949
-4.9995
-4.99951
-4.99952
-4.99953
-4.99954
-4.99954
-4.99955
-4.99956
-4.99957
-4.99958
-4.99959
-4.9996
-4.99961
-4.99962
-4.99963
-4.99963
-4.99964
-4.99965
-4.99966
-4.99967
-4.99968
-4.99968
-4.99969
-4.9997
-4.99971
-4.99971
-4.99972
-4.99973
-4.99974
-4.99974
-4.99975
-4.99976
-4.99976
-4.99977
-4.99978
-4.99978
-4.99979
-4.9998
-4.9998
-4.99981
-4.99982
-4.99982
-4.99983
-4.99983
-4.99984
-4.99984
-4.99985
-4.99986
-4.99986
-4.99987
-4.99987
-4.99988
-4.99988
-4.99989
-4.99989
-4.99989
-4.9999
-4.9999
-4.99991
-4.99991
-4.99992
-4.99992
-4.99992
-4.99993
-4.99993
-4.99994
-4.99994
-4.99994
-4.99995
-4.99995
-4.99995
-4.99995
-4.99996
-4.99996
-4.99996
-4.99997
-4.99997
-4.99997
-4.99997
-4.99998
-4.99998
-4.99998
-4.99998
-4.99998
-4.99999
-4.99999
-4.99999
-4.99999
-4.99999
-4.99999
-4.99999
-4.99999
-5
-5
-5
-5
-5
-5
-5
-5
-5
-5
-5
-5
-5
-5
-5
-5
-5
-5
-5
-5
-4.99999
-4.99999
-4.99999
-4.99999
-4.99999
-4.99999
-4.99999
-4.99998
-4.99998
-4.99998
-4.99998
-4.99998
-4.99997
-4.99997
-4.99997
-4.99997
-4.99997
-4.99996
-4.99996
-4.99996
-4.99995
-4.99995
-4.99995
-4.99994
-4.99994
-4.99994
-4.99993
-4.99993
-4.99993
-4.99992
-4.99992
-4.99991
-4.99991
-4.99991
-4.9999
-4.9999
-4.99989
-4.99989
-4.99988
-4.99988
-4.99987
-4.99987
-4.99986
-4.99986
-4.99985
-4.99985
-4.99984
-4.99984
-4.99983
-4.99983
-4.99982
-4.99981
-4.99981
-4.9998
-4.99979
-4.99979
-4.99978
-4.99978
-4.99977
-4.99976
-4.99975
-4.99975
-4.99974
-4.99973
-4.99973
-4.99972
-4.99971
-4.9997
-4.9997
-4.99969
-4.99968
-4.99967
-4.99966
-4.99966
-4.99965
-4.99964
-4.99963
-4.99962
-4.99961
-4.99961
-4.9996
-4.99959
-4.99958
-4.99957
-4.99956
-4.99955
-4.99954
-4.99953
-4.99952
-4.99951
-4.9995
-4.99949
-4.99948
-4.99947
-4.99946
-4.99945
-4.99944
-4.99943
-4.99942
-4.99941
-4.9994
-4.99939
-4.99938
-4.99937
-4.99935
-4.99934
-4.99933
-4.99932
-4.99931
-4.9993
-4.99929
-4.99927
-4.99926
-4.99925
-4.99924
-4.99922
-4.99921
-4.9992
-4.99919
-4.99917
-4.99916
-4.99915
-4.99914
-4.99912
-4.99911
-4.9991
-4.99908
-4.99907
-4.99906
-4.99904
-4.99903
-4.99901
-4.999
-4.99899
-4.99897
-4.99896
-4.99894
-4.99893
-4.99891
-4.9989
-4.99889
-4.99887
-4.99886
-4.99884
-4.99883
-4.99881
-4.9988
-4.99878
-4.99876
-4.99875
-4.99873
-4.99872
-4.9987
-4.99869
-4.99867
-4.99865
-4.99864
-4.99862
-4.9986
-4.99859
-4.99857
-4.99855
-4.99854
-4.99852
-4.9985
-4.99849
-4.99847
-4.99845
-4.99843
-4.99842
-4.9984
-4.99838
-4.99836
-4.99834
-4.99833
-4.99831
-4.99829
-4.99827
-4.99825
-4.99823
-4.99822
-4.9982
-4.99818
-4.99816
-4.99814
-4.99812
-4.9981
-4.99808
-4.99806
-4.99804
-4.99802
-4.998
-4.99798
-4.99796
-4.99794
-4.99792
-4.9979
-4.99788
-4.99786
-4.99784
-4.99782
-4.9978
-4.99778
-4.99776
-4.99774
-4.99772
-4.9977
-4.99767
-4.99765
-4.99763
-4.99761
-4.99759
-4.99757
-4.99754
-4.99752
-4.9975
-4.99748
-4.99746
-4.99743
-4.99741
-4.99739
-4.99737
-4.99734
-4.99732
-4.9973
-4.99727
-4.99725
-4.99723
-4.9972
-4.99718
-4.99716
-4.99713
-4.99711
-4.99709
-4.99706
-4.99704
-4.99701
-4.99699
-4.99697
-4.99694
-4.99692
-4.99689
-4.99687
-4.99684
-4.99682
-4.99679
-4.99677
-4.99674
-4.99672
-4.99669
-4.99667
-4.99664
-4.99661
-4.99659
-4.99656
-4.99654
-4.99651
-4.99648
-4.99646
-4.99643
-4.99641
-4.99638
-4.99635
-4.99633
-4.9963
-4.99627
-4.99624
-4.99622
-4.99619
-4.99616
-4.99613
-4.99611
-4.99608
-4.99605
-4.99602
-4.996
-4.99597
-4.99594
-4.99591
-4.99588
-4.99585
-4.99583
-4.9958
-4.99577
-4.99574
-4.99571
-4.99568
-4.99565
-4.99562
-4.99559
-4.99557
-4.99554
-4.99551
-4.99548
-4.99545
-4.99542
-4.99539
-4.99536
-4.99533
-4.9953
-4.99527
-4.99523
-4.9952
-4.99517
-4.99514
-4.99511
-4.99508
-4.99505
-4.99502
-4.99499
-4.99496
-4.99492
-4.99489
-4.99486
-4.99483
-4.9948
-4.99477
-4.99473
-4.9947
-4.99467
-4.99464
-4.9946
-4.99457
-4.99454
-4.99451
-4.99447
-4.99444
-4.99441
-4.99437
-4.99434
-4.99431
-4.99427
-4.99424
-4.99421
-4.99417
-4.99414
-4.99411
-4.99407
-4.99404
-4.994
-4.99397
-4.99394
-4.9939
-4.99387
-4.99383
-4.9938
-4.99376
-4.99373
-4.99369
-4.99366
-4.99362
-4.99359
-4.99355
-4.99351
-4.99348
-4.99344
-4.99341
-4.99337
-4.99334
-4.9933
-4.99326
-4.99323
-4.99319
-4.99315
-4.99312
-4.99308
-4.99304
-4.99301
-4.99297
-4.99293
-4.9929
-4.99286
-4.99282
-4.99278
-4.99275
-4.99271
-4.99267
-4.99263
-4.99259
-4.99256
-4.99252
-4.99248
-4.99244
-4.9924
-4.99236
-4.99233
-4.99229
-4.99225
-4.99221
-4.99217
-4.99213
-4.99209
-4.99205
-4.99201
-4.99197
-4.99193
-4.99189
-4.99185
-4.99181
-4.99177
-4.99173
-4.99169
-4.99165
-4.99161
-4.99157
-4.99153
-4.99149
-4.99145
-4.99141
-4.99137
-4.99133
-4.99129
-4.99124
-4.9912
-4.99116
-4.99112
-4.99108
-4.99104
-4.991
-4.99095
-4.99091
-4.99087
-4.99083
-4.99078
-4.99074
-4.9907
-4.99066
-4.99061
-4.99057
-4.99053
-4.99049
-4.99044
-4.9904
-4.99036
-4.99031
-4.99027
-4.99022
-4.99018
-4.99014
-4.99009
-4.99005
-4.99001
-4.98996
-4.98992
-4.98987
-4.98983
-4.98978
-4.98974
-4.98969
-4.98965
-4.9896
-4.98956
-4.98951
-4.98947
-4.98942
-4.98938
-4.98933
-4.98929
-4.98924
-4.9892
-4.98915
-4.9891
-4.98906
-4.98901
-4.98896
-4.98892
-4.98887
-4.98883
-4.98878
-4.98873
-4.98868
-4.98864
-4.98859
-4.98854
-4.9885
-4.98845
-4.9884
-4.98835
-4.98831
-4.98826
-4.98821
-4.98816
-4.98811
-4.98807
-4.98802
-4.98797
-4.98792
-4.98787
-4.98782
-4.98778
-4.98773
-4.98768
-4.98763
-4.98758
-4.98753
-4.98748
-4.98743
-4.98738
-4.98733
-4.98728
-4.98723
-4.98718
-4.98713
-4.98708
-4.98703
-4.98698
-4.98693
-4.98688
-4.98683
-4.98678
-4.98673
-4.98668
-4.98663
-4.98658
-4.98653
-4.98648
-4.98642
-4.98637
-4.98632
-4.98627
-4.98622
-4.98617
-4.98611
-4.98606
-4.98601
-4.98596
-4.98591
-4.98585
-4.9858
-4.98575
-4.9857
-4.98564
-4.98559
-4.98554
-4.98548
-4.98543
-4.98538
-4.98532
-4.98527
-4.98522
-4.98516
-4.98511
-4.98506
-4.985
-4.98495
-4.98489
-4.98484
-4.98479
-4.98473
-4.98468
-4.98462
-4.98457
-4.98451
-4.98446
-4.9844
-4.98435
-4.98429
-4.98424
-4.98418
-4.98413
-4.98407
-4.98402
-4.98396
-4.9839
-4.98385
-4.98379
-4.98374
-4.98368
-4.98362
-4.98357
-4.98351
-4.98345
-4.9834
-4.98334
-4.98328
-4.98323
-4.98317
-4.98311
-4.98306
-4.983
-4.98294
-4.98288
-4.98283
-4.98277
-4.98271
-4.98265
-4.98259
-4.98254
-4.98248
-4.98242
-4.98236
-4.9823
-4.98224
-4.98219
-4.98213
-4.98207
-4.98201
-4.98195
-4.98189
-4.98183
-4.98177
-4.98171
-4.98165
-4.98159
-4.98153
-4.98147
-4.98141
-4.98135
-4.98129
-4.98123
-4.98117
-4.98111
-4.98105
-4.98099
-4.98093
-4.98087
-4.98081
-4.98075
-4.98069
-4.98063
-4.98057
-4.9805
-4.98044
-4.98038
-4.98032
-4.98026
-4.9802
-4.98013
-4.98007
-4.98001
-4.97995
-4.97989
-4.97982
-4.97976
-4.9797
-4.97964
-4.97957
-4.97951
-4.97945
-4.97939
-4.97932
-4.97926
-4.9792
-4.97913
-4.97907
-4.979
-4.97894
-4.97888
-4.97881
-4.97875
-4.97869
-4.97862
-4.97856
-4.97849
-4.97843
-4.97836
-4.9783
-4.97823
-4.97817
-4.9781
-4.97804
-4.97797
-4.97791
-4.97784
-4.97778
-4.97771
-4.97765
-4.97758
-4.97752
-4.97745
-4.97738
-4.97732
-4.97725
-4.97719
-4.97712
-4.97705
-4.97699
-4.97692
-4.97685
-4.97679
-4.97672
-4.97665
-4.97659
-4.97652
-4.97645
-4.97638
-4.97632
-4.97625
-4.97618
-4.97611
-4.97605
-4.97598
-4.97591
-4.97584
-4.97577
-4.97571
-4.97564
-4.97557
-4.9755
-4.97543
-4.97536
-4.97529
-4.97523
-4.97516
-4.97509
-4.97502
-4.97495
-4.97488
-4.97481
-4.97474
-4.97467
-4.9746
-4.97453
-4.97446
-4.97439
-4.97432
-4.97425
-4.97418
-4.97411
-4.97404
-4.97397
-4.9739
-4.97383
-4.97376
-4.97369
-4.97361
-4.97354
-4.97347
-4.9734
-4.97333
-4.97326
-4.97319
-4.97311
-4.97304
-4.97297
-4.9729
-4.97283
-4.97275
-4.97268
-4.97261
-4.97254
-4.97246
-4.97239
-4.97232
-4.97225
-4.97217
-4.9721
-4.97203
-4.97195
-4.97188
-4.97181
-4.97173
-4.97166
-4.97159
-4.97151
-4.97144
-4.97137
-4.97129
-4.97122
-4.97114
-4.97107
-4.97099
-4.97092
-4.97084
-4.97077
-4.9707
-4.97062
-4.97055
-4.97047
-4.9704
-4.97032
-4.97024
-4.97017
-4.97009
-4.97002
-4.96994
-4.96987
-4.96979
-4.96971
-4.96964
-4.96956
-4.96949
-4.96941
-4.96933
-4.96926
-4.96918
-4.9691
-4.96903
-4.96895
-4.96887
-4.9688
-4.96872
-4.96864
-4.96856
-4.96849
-4.96841
-4.96833
-4.96825
-4.96818
-4.9681
-4.96802
-4.96794
-4.96786
-4.96779
-4.96771
-4.96763
-4.96755
-4.96747
-4.96739
-4.96731
-4.96724
-4.96716
-4.96708
-4.967
-4.96692
-4.96684
-4.96676
-4.96668
-4.9666
-4.96652
-4.96644
-4.96636
-4.96628
-4.9662
-4.96612
-4.96604
-4.96596
-4.96588
-4.9658
-4.96572
-4.96564
-4.96556
-4.96548
-4.96539
-4.96531
-4.96523
-4.96515
-4.96507
-4.96499
-4.96491
-4.96483
-4.96474
-4.96466
-4.96458
-4.9645
-4.96442
-4.96433
-4.96425
-4.96417
-4.96409
-4.964
-4.96392
-4.96384
-4.96376
-4.96367
-4.96359
-4.96351
-4.96342
-4.96334
-4.96326
-4.96317
-4.96309
-4.96301
-4.96292
-4.96284
-4.96275
-4.96267
-4.96259
-4.9625
-4.96242
-4.96233
-4.96225
-4.96216
-4.96208
-4.96199
-4.96191
-4.96183
-4.96174
-4.96166
-4.96157
-4.96148
-4.9614
-4.96131
-4.96123
-4.96114
-4.96106
-4.96097
-4.96089
-4.9608
-4.96071
-4.96063
-4.96054
-4.96045
-4.96037
-4.96028
-4.96019
-4.96011
-4.96002
-4.95993
-4.95985
-4.95976
-4.95967
-4.95959
-4.9595
-4.95941
-4.95932
-4.95924
-4.95915
-4.95906
-4.95897
-4.95888
-4.9588
-4.95871
-4.95862
-4.95853
-4.95844
-4.95835
-4.95827
-4.95818
-4.95809
-4.958
-4.95791
-4.95782
-4.95773
-4.95764
-4.95755
-4.95746
-4.95738
-4.95729
-4.9572
-4.95711
-4.95702
-4.95693
-4.95684
-4.95675
-4.95666
-4.95657
-4.95648
-4.95639
-4.95629
-4.9562
-4.95611
-4.95602
-4.95593
-4.95584
-4.95575
-4.95566
-4.95557
-4.95548
-4.95538
-4.95529
-4.9552
-4.95511
-4.95502
-4.95493
-4.95483
-4.95474
-4.95465
-4.95456
-4.95446
-4.95437
-4.95428
-4.95419
-4.95409
-4.954
-4.95391
-4.95382
-4.95372
-4.95363
-4.95354
-4.95344
-4.95335
-4.95326
-4.95316
-4.95307
-4.95298
-4.95288
-4.95279
-4.95269
-4.9526
-4.95251
-4.95241
-4.95232
-4.95222
-4.95213
-4.95203
-4.95194
-4.95184
-4.95175
-4.95165
-4.95156
-4.95146
-4.95137
-4.95127
-4.95118
-4.95108
-4.95099
-4.95089
-4.9508
-4.9507
-4.9506
-4.95051
-4.95041
-4.95032
-4.95022
-4.95012
-4.95003
-4.94993
-4.94983
-4.94974
-4.94964
-4.94954
-4.94945
-4.94935
-4.94925
-4.94915
-4.94906
-4.94896
-4.94886
-4.94876
-4.94867
-4.94857
-4.94847
-4.94837
-4.94827
-4.94818
-4.94808
-4.94798
-4.94788
-4.94778
-4.94769
-4.94759
-4.94749
-4.94739
-4.94729
-4.94719
-4.94709
-4.94699
-4.94689
-4.94679
-4.94669
-4.9466
-4.9465
-4.9464
-4.9463
-4.9462
-4.9461
-4.946
-4.9459
-4.9458
-4.9457
-4.9456
-4.9455
-4.94539
-4.94529
-4.94519
-4.94509
-4.94499
-4.94489
-4.94479
-4.94469
-4.94459
-4.94449
-4.94438
-4.94428
-4.94418
-4.94408
-4.94398
-4.94388
-4.94377
-4.94367
-4.94357
-4.94347
-4.94337
-4.94326
-4.94316
-4.94306
-4.94296
-4.94285
-4.94275
-4.94265
-4.94254
-4.94244
-4.94234
-4.94224
-4.94213
-4.94203
-4.94193
-4.94182
-4.94172
-4.94161
-4.94151
-4.94141
-4.9413
-4.9412
-4.9411
-4.94099
-4.94089
-4.94078
-4.94068
-4.94057
-4.94047
-4.94036
-4.94026
-4.94015
-4.94005
-4.93994
-4.93984
-4.93973
-4.93963
-4.93952
-4.93942
-4.93931
-4.93921
-4.9391
-4.93899
-4.93889
-4.93878
-4.93868
-4.93857
-4.93846
-4.93836
-4.93825
-4.93815
-4.93804
-4.93793
-4.93783
-4.93772
-4.93761
-4.9375
-4.9374
-4.93729
-4.93718
-4.93708
-4.93697
-4.93686
-4.93675
-4.93665
-4.93654
-4.93643
-4.93632
-4.93621
-4.93611
-4.936
-4.93589
-4.93578
-4.93567
-4.93556
-4.93546
-4.93535
-4.93524
-4.93513
-4.93502
-4.93491
-4.9348
-4.93469
-4.93458
-4.93447
-4.93437
-4.93426
-4.93415
-4.93404
-4.93393
-4.93382
-4.93371
-4.9336
-4.93349
-4.93338
-4.93327
-4.93316
-4.93305
-4.93294
-4.93282
-4.93271
-4.9326
-4.93249
-4.93238
-4.93227
-4.93216
-4.93205
-4.93194
-4.93183
-4.93171
-4.9316
-4.93149
-4.93138
-4.93127
-4.93116
-4.93104
-4.93093
-4.93082
-4.93071
-4.9306
-4.93048
-4.93037
-4.93026
-4.93015
-4.93003
-4.92992
-4.92981
-4.92969
-4.92958
-4.92947
-4.92936
-4.92924
-4.92913
-4.92902
-4.9289
-4.92879
-4.92868
-4.92856
-4.92845
-4.92833
-4.92822
-4.92811
-4.92799
-4.92788
-4.92776
-4.92765
-4.92753
-4.92742
-4.92731
-4.92719
-4.92708
-4.92696
-4.92685
-4.92673
-4.92662
-4.9265
-4.92639
-4.92627
-4.92615
-4.92604
-4.92592
-4.92581
-4.92569
-4.92558
-4.92546
-4.92534
-4.92523
-4.92511
-4.925
-4.92488
-4.92476
-4.92465
-4.92453
-4.92441
-4.9243
-4.92418
-4.92406
-4.92395
-4.92383
-4.92371
-4.9236
-4.92348
-4.92336
-4.92324
-4.92313
-4.92301
-4.92289
-4.92277
-4.92266
-4.92254
-4.92242
-4.9223
-4.92218
-4.92206
-4.92195
-4.92183
-4.92171
-4.92159
-4.92147
-4.92135
-4.92123
-4.92112
-4.921
-4.92088
-4.92076
-4.92064
-4.92052
-4.9204
-4.92028
-4.92016
-4.92004
-4.91992
-4.9198
-4.91968
-4.91956
-4.91944
-4.91932
-4.9192
-4.91908
-4.91896
-4.91884
-4.91872
-4.9186
-4.91848
-4.91836
-4.91824
-4.91812
-4.918
-4.91788
-4.91776
-4.91763
-4.91751
-4.91739
-4.91727
-4.91715
-4.91703
-4.91691
-4.91678
-4.91666
-4.91654
-4.91642
-4.9163
-4.91617
-4.91605
-4.91593
-4.91581
-4.91568
-4.91556
-4.91544
-4.91532
-4.91519
-4.91507
-4.91495
-4.91483
-4.9147
-4.91458
-4.91446
-4.91433
-4.91421
-4.91409
-4.91396
-4.91384
-4.91372
-4.91359
-4.91347
-4.91334
-4.91322
-4.9131
-4.91297
-4.91285
-4.91272
-4.9126
-4.91247
-4.91235
-4.91223
-4.9121
-4.91198
-4.91185
-4.91173
-4.9116
-4.91148
-4.91135
-4.91123
-4.9111
-4.91098
-4.91085
-4.91072
-4.9106
-4.91047
-4.91035
-4.91022
-4.9101
-4.90997
-4.90984
-4.90972
-4.90959
-4.90946
-4.90934
-4.90921
-4.90909
-4.90896
-4.90883
-4.90871
-4.90858
-4.90845
-4.90832
-4.9082
-4.90807
-4.90794
-4.90782
-4.90769
-4.90756
-4.90743
-4.90731
-4.90718
-4.90705
-4.90692
-4.9068
-4.90667
-4.90654
-4.90641
-4.90628
-4.90615
-4.90603
-4.9059
-4.90577
-4.90564
-4.90551
-4.90538
-4.90525
-4.90513
-4.905
-4.90487
-4.90474
-4.90461
-4.90448
-4.90435
-4.90422
-4.90409
-4.90396
-4.90383
-4.9037
-4.90357
-4.90344
-4.90331
-4.90318
-4.90305
-4.90292
-4.90279
-4.90266
-4.90253
-4.9024
-4.90227
-4.90214
-4.90201
-4.90188
-4.90175
-4.90162
-4.90149
-4.90136
-4.90122
-4.90109
-4.90096
-4.90083
-4.9007
-4.90057
-4.90044
-4.9003
-4.90017
-4.90004
-4.89991
-4.89978
-4.89965
-4.89951
-4.89938
-4.89925
-4.89912
-4.89898
-4.89885
-4.89872
-4.89859
-4.89845
-4.89832
-4.89819
-4.89806
-4.89792
-4.89779
-4.89766
-4.89752
-4.89739
-4.89726
-4.89712
-4.89699
-4.89686
-4.89672
-4.89659
-4.89646
-4.89632
-4.89619
-4.89605
-4.89592
-4.89579
-4.89565
-4.89552
-4.89538
-4.89525
-4.89511
-4.89498
-4.89484
-4.89471
-4.89458
-4.89444
-4.89431
-4.89417
-4.89404
-4.8939
-4.89376
-4.89363
-4.89349
-4.89336
-4.89322
-4.89309
-4.89295
-4.89282
-4.89268
-4.89254
-4.89241
-4.89227
-4.89214
-4.892
-4.89186
-4.89173
-4.89159
-4.89146
-4.89132
-4.89118
-4.89105
-4.89091
-4.89077
-4.89064
-4.8905
-4.89036
-4.89022
-4.89009
-4.88995
-4.88981
-4.88967
-4.88954
-4.8894
-4.88926
-4.88912
-4.88899
-4.88885
-4.88871
-4.88857
-4.88844
-4.8883
-4.88816
-4.88802
-4.88788
-4.88774
-4.88761
-4.88747
-4.88733
-4.88719
-4.88705
-4.88691
-4.88677
-4.88664
-4.8865
-4.88636
-4.88622
-4.88608
-4.88594
-4.8858
-4.88566
-4.88552
-4.88538
-4.88524
-4.8851
-4.88496
-4.88482
-4.88468
-4.88454
-4.8844
-4.88426
-4.88412
-4.88398
-4.88384
-4.8837
-4.88356
-4.88342
-4.88328
-4.88314
-4.883
-4.88286
-4.88272
-4.88258
-4.88243
-4.88229
-4.88215
-4.88201
-4.88187
-4.88173
-4.88159
-4.88145
-4.8813
-4.88116
-4.88102
-4.88088
-4.88074
-4.8806
-4.88045
-4.88031
-4.88017
-4.88003
-4.87989
-4.87974
-4.8796
-4.87946
-4.87932
-4.87917
-4.87903
-4.87889
-4.87874
-4.8786
-4.87846
-4.87832
-4.87817
-4.87803
-4.87789
-4.87774
-4.8776
-4.87746
-4.87731
-4.87717
-4.87703
-4.87688
-4.87674
-4.87659
-4.87645
-4.87631
-4.87616
-4.87602
-4.87587
-4.87573
-4.87559
-4.87544
-4.8753
-4.87515
-4.87501
-4.87486
-4.87472
-4.87457
-4.87443
-4.87428
-4.87414
-4.87399
-4.87385
-4.8737
-4.87356
-4.87341
-4.87327
-4.87312
-4.87298
-4.87283
-4.87269
-4.87254
-4.87239
-4.87225
-4.8721
-4.87196
-4.87181
-4.87167
-4.87152
-4.87137
-4.87123
-4.87108
-4.87093
-4.87079
-4.87064
-4.87049
-4.87035
-4.8702
-4.87005
-4.86991
-4.86976
-4.86961
-4.86947
-4.86932
-4.86917
-4.86902
-4.86888
-4.86873
-4.86858
-4.86843
-4.86829
-4.86814
-4.86799
-4.86784
-4.8677
-4.86755
-4.8674
-4.86725
-4.8671
-4.86696
-4.86681
-4.86666
-4.86651
-4.86636
-4.86621
-4.86607
-4.86592
-4.86577
-4.86562
-4.86547
-4.86532
-4.86517
-4.86502
-4.86488
-4.86473
-4.86458
-4.86443
-4.86428
-4.86413
-4.86398
-4.86383
-4.86368
-4.86353
-4.86338
-4.86323
-4.86308
-4.86293
-4.86278
-4.86263
-4.86248
-4.86233
-4.86218
-4.86203
-4.86188
-4.86173
-4.86158
-4.86143
-4.86128
-4.86113
-4.86098
-4.86083
-4.86068
-4.86052
-4.86037
-4.86022
-4.86007
-4.85992
-4.85977
-4.85962
-4.85947
-4.85931
-4.85916
-4.85901
-4.85886
-4.85871
-4.85856
-4.8584
-4.85825
-4.8581
-4.85795
-4.8578
-4.85765
-4.85749
-4.85734
-4.85719
-4.85704
-4.85688
-4.85673
-4.85658
-4.85643
-4.85627
-4.85612
-4.85597
-4.85581
-4.85566
-4.85551
-4.85536
-4.8552
-4.85505
-4.8549
-4.85474
-4.85459
-4.85444
-4.85428
-4.85413
-4.85398
-4.85382
-4.85367
-4.85351
-4.85336
-4.85321
-4.85305
-4.8529
-4.85275
-4.85259
-4.85244
-4.85228
-4.85213
-4.85197
-4.85182
-4.85167
-4.85151
-4.85136
-4.8512
-4.85105
-4.85089
-4.85074
-4.85058
-4.85043
-4.85027
-4.85012
-4.84996
-4.84981
-4.84965
-4.8495
-4.84934
-4.84919
-4.84903
-4.84887
-4.84872
-4.84856
-4.84841
-4.84825
-4.8481
-4.84794
-4.84778
-4.84763
-4.84747
-4.84732
-4.84716
-4.847
-4.84685
-4.84669
-4.84653
-4.84638
-4.84622
-4.84606
-4.84591
-4.84575
-4.84559
-4.84544
-4.84528
-4.84512
-4.84497
-4.84481
-4.84465
-4.84449
-4.84434
-4.84418
-4.84402
-4.84386
-4.84371
-4.84355
-4.84339
-4.84323
-4.84308
-4.84292
-4.84276
-4.8426
-4.84244
-4.84229
-4.84213
-4.84197
-4.84181
-4.84165
-4.8415
-4.84134
-4.84118
-4.84102
-4.84086
-4.8407
-4.84054
-4.84039
-4.84023
-4.84007
-4.83991
-4.83975
-4.83959
-4.83943
-4.83927
-4.83911
-4.83895
-4.8388
-4.83864
-4.83848
-4.83832
-4.83816
-4.838
-4.83784
-4.83768
-4.83752
-4.83736
-4.8372
-4.83704
-4.83688
-4.83672
-4.83656
-4.8364
-4.83624
-4.83608
-4.83592
-4.83576
-4.8356
-4.83544
-4.83528
-4.83512
-4.83496
-4.83479
-4.83463
-4.83447
-4.83431
-4.83415
-4.83399
-4.83383
-4.83367
-4.83351
-4.83335
-4.83318
-4.83302
-4.83286
-4.8327
-4.83254
-4.83238
-4.83222
-4.83205
-4.83189
-4.83173
-4.83157
-4.83141
-4.83125
-4.83108
-4.83092
-4.83076
-4.8306
-4.83044
-4.83027
-4.83011
-4.82995
-4.82979
-4.82962
-4.82946
-4.8293
-4.82914
-4.82897
-4.82881
-4.82865
-4.82848
-4.82832
-4.82816
-4.828
-4.82783
-4.82767
-4.82751
-4.82734
-4.82718
-4.82702
-4.82685
-4.82669
-4.82653
-4.82636
-4.8262
-4.82604
-4.82587
-4.82571
-4.82554
-4.82538
-4.82522
-4.82505
-4.82489
-4.82473
-4.82456
-4.8244
-4.82423
-4.82407
-4.8239
-4.82374
-4.82358
-4.82341
-4.82325
-4.82308
-4.82292
-4.82275
-4.82259
-4.82242
-4.82226
-4.82209
-4.82193
-4.82176
-4.8216
-4.82143
-4.82127
-4.8211
-4.82094
-4.82077
-4.82061
-4.82044
-4.82028
-4.82011
-4.81994
-4.81978
-4.81961
-4.81945
-4.81928
-4.81912
-4.81895
-4.81878
-4.81862
-4.81845
-4.81829
-4.81812
-4.81795
-4.81779
-4.81762
-4.81746
-4.81729
-4.81712
-4.81696
-4.81679
-4.81662
-4.81646
-4.81629
-4.81612
-4.81596
-4.81579
-4.81562
-4.81546
-4.81529
-4.81512
-4.81495
-4.81479
-4.81462
-4.81445
-4.81429
-4.81412
-4.81395
-4.81378
-4.81362
-4.81345
-4.81328
-4.81311
-4.81295
-4.81278
-4.81261
-4.81244
-4.81227
-4.81211
-4.81194
-4.81177
-4.8116
-4.81143
-4.81127
-4.8111
-4.81093
-4.81076
-4.81059
-4.81042
-4.81026
-4.81009
-4.80992
-4.80975
-4.80958
-4.80941
-4.80924
-4.80908
-4.80891
-4.80874
-4.80857
-4.8084
-4.80823
-4.80806
-4.80789
-4.80772
-4.80755
-4.80738
-4.80722
-4.80705
-4.80688
-4.80671
-4.80654
-4.80637
-4.8062
-4.80603
-4.80586
-4.80569
-4.80552
-4.80535
-4.80518
-4.80501
-4.80484
-4.80467
-4.8045
-4.80433
-4.80416
-4.80399
-4.80382
-4.80365
-4.80348
-4.80331
-4.80314
-4.80297
-4.8028
-4.80263
-4.80245
-4.80228
-4.80211
-4.80194
-4.80177
-4.8016
-4.80143
-4.80126
-4.80109
-4.80092
-4.80075
-4.80057
-4.8004
-4.80023
-4.80006
-4.79989
-4.79972
-4.79955
-4.79938
-4.7992
-4.79903
-4.79886
-4.79869
-4.79852
-4.79835
-4.79817
-4.798
-4.79783
-4.79766
-4.79749
-4.79731
-4.79714
-4.79697
-4.7968
-4.79663
-4.79645
-4.79628
-4.79611
-4.79594
-4.79576
-4.79559
-4.79542
-4.79525
-4.79507
-4.7949
-4.79473
-4.79456
-4.79438
-4.79421
-4.79404
-4.79386
-4.79369
-4.79352
-4.79335
-4.79317
-4.793
-4.79283
-4.79265
-4.79248
-4.79231
-4.79213
-4.79196
-4.79179
-4.79161
-4.79144
-4.79127
-4.79109
-4.79092
-4.79074
-4.79057
-4.7904
-4.79022
-4.79005
-4.78988
-4.7897
-4.78953
-4.78935
-4.78918
-4.78901
-4.78883
-4.78866
-4.78848
-4.78831
-4.78813
-4.78796
-4.78779
-4.78761
-4.78744
-4.78726
-4.78709
-4.78691
-4.78674
-4.78656
-4.78639
-4.78621
-4.78604
-4.78586
-4.78569
-4.78551
-4.78534
-4.78516
-4.78499
-4.78481
-4.78464
-4.78446
-4.78429
-4.78411
-4.78394
-4.78376
-4.78359
-4.78341
-4.78324
-4.78306
-4.78289
-4.78271
-4.78253
-4.78236
-4.78218
-4.78201
-4.78183
-4.78165
-4.78148
-4.7813
-4.78113
-4.78095
-4.78078
-4.7806
-4.78042
-4.78025
-4.78007
-4.77989
-4.77972
-4.77954
-4.77937
-4.77919
-4.77901
-4.77884
-4.77866
-4.77848
-4.77831
-4.77813
-4.77795
-4.77778
-4.7776
-4.77742
-4.77725
-4.77707
-4.77689
-4.77671
-4.77654
-4.77636
-4.77618
-4.77601
-4.77583
-4.77565
-4.77548
-4.7753
-4.77512
-4.77494
-4.77477
-4.77459
-4.77441
-4.77423
-4.77406
-4.77388
-4.7737
-4.77352
-4.77335
-4.77317
-4.77299
-4.77281
-4.77263
-4.77246
-4.77228
-4.7721
-4.77192
-4.77174
-4.77157
-4.77139
-4.77121
-4.77103
-4.77085
-4.77068
-4.7705
-4.77032
-4.77014
-4.76996
-4.76978
-4.76961
-4.76943
-4.76925
-4.76907
-4.76889
-4.76871
-4.76853
-4.76835
-4.76818
-4.768
-4.76782
-4.76764
-4.76746
-4.76728
-4.7671
-4.76692
-4.76674
-4.76657
-4.76639
-4.76621
-4.76603
-4.76585
-4.76567
-4.76549
-4.76531
-4.76513
-4.76495
-4.76477
-4.76459
-4.76441
-4.76423
-4.76405
-4.76387
-4.76369
-4.76352
-4.76334
-4.76316
-4.76298
-4.7628
-4.76262
-4.76244
-4.76226
-4.76208
-4.7619
-4.76172
-4.76154
-4.76136
-4.76118
-4.761
-4.76082
-4.76064
-4.76045
-4.76027
-4.76009
-4.75991
-4.75973
-4.75955
-4.75937
-4.75919
-4.75901
-4.75883
-4.75865
-4.75847
-4.75829
-4.75811
-4.75793
-4.75775
-4.75757
-4.75738
-4.7572
-4.75702
-4.75684
-4.75666
-4.75648
-4.7563
-4.75612
-4.75594
-4.75576
-4.75557
-4.75539
-4.75521
-4.75503
-4.75485
-4.75467
-4.75449
-4.7543
-4.75412
-4.75394
-4.75376
-4.75358
-4.7534
-4.75322
-4.75303
-4.75285
-4.75267
-4.75249
-4.75231
-4.75213
-4.75194
-4.75176
-4.75158
-4.7514
-4.75122
-4.75103
-4.75085
-4.75067
-4.75049
-4.75031
-4.75012
-4.74994
-4.74976
-4.74958
-4.74939
-4.74921
-4.74903
-4.74885
-4.74866
-4.74848
-4.7483
-4.74812
-4.74793
-4.74775
-4.74757
-4.74739
-4.7472
-4.74702
-4.74684
-4.74666
-4.74647
-4.74629
-4.74611
-4.74593
-4.74574
-4.74556
-4.74538
-4.74519
-4.74501
-4.74483
-4.74464
-4.74446
-4.74428
-4.74409
-4.74391
-4.74373
-4.74355
-4.74336
-4.74318
-4.743
-4.74281
-4.74263
-4.74244
-4.74226
-4.74208
-4.74189
-4.74171
-4.74153
-4.74134
-4.74116
-4.74098
-4.74079
-4.74061
-4.74043
-4.74024
-4.74006
-4.73987
-4.73969
-4.73951
-4.73932
-4.73914
-4.73895
-4.73877
-4.73859
-4.7384
-4.73822
-4.73803
-4.73785
-4.73767
-4.73748
-4.7373
-4.73711
-4.73693
-4.73674
-4.73656
-4.73638
-4.73619
-4.73601
-4.73582
-4.73564
-4.73545
-4.73527
-4.73508
-4.7349
-4.73472
-4.73453
-4.73435
-4.73416
-4.73398
-4.73379
-4.73361
-4.73342
-4.73324
-4.73305
-4.73287
-4.73268
-4.7325
-4.73231
-4.73213
-4.73194
-4.73176
-4.73157
-4.73139
-4.7312
-4.73102
-4.73083
-4.73065
-4.73046
-4.73028
-4.73009
-4.72991
-4.72972
-4.72954
-4.72935
-4.72917
-4.72898
-4.72879
-4.72861
-4.72842
-4.72824
-4.72805
-4.72787
-4.72768
-4.7275
-4.72731
-4.72712
-4.72694
-4.72675
-4.72657
-4.72638
-4.7262
-4.72601
-4.72582
-4.72564
-4.72545
-4.72527
-4.72508
-4.72489
-4.72471
-4.72452
-4.72434
-4.72415
-4.72396
-4.72378
-4.72359
-4.72341
-4.72322
-4.72303
-4.72285
-4.72266
-4.72247
-4.72229
-4.7221
-4.72192
-4.72173
-4.72154
-4.72136
-4.72117
-4.72098
-4.7208
-4.72061
-4.72042
-4.72024
-4.72005
-4.71986
-4.71968
-4.71949
-4.71931
-4.71912
-4.71893
-4.71875
-4.71856
-4.71837
-4.71818
-4.718
-4.71781
-4.71762
-4.71744
-4.71725
-4.71706
-4.71688
-4.71669
-4.7165
-4.71632
-4.71613
-4.71594
-4.71575
-4.71557
-4.71538
-4.71519
-4.71501
-4.71482
-4.71463
-4.71444
-4.71426
-4.71407
-4.71388
-4.7137
-4.71351
-4.71332
-4.71313
-4.71295
-4.71276
-4.71257
-4.71238
-4.7122
-4.71201
-4.71182
-4.71163
-4.71145
-4.71126
-4.71107
-4.71088
-4.7107
-4.71051
-4.71032
-4.71013
-4.70995
-4.70976
-4.70957
-4.70938
-4.70919
-4.70901
-4.70882
-4.70863
-4.70844
-4.70826
-4.70807
-4.70788
-4.70769
-4.7075
-4.70732
-4.70713
-4.70694
-4.70675
-4.70656
-4.70638
-4.70619
-4.706
-4.70581
-4.70562
-4.70543
-4.70525
-4.70506
-4.70487
-4.70468
-4.70449
-4.70431
-4.70412
-4.70393
-4.70374
-4.70355
-4.70336
-4.70318
-4.70299
-4.7028
-4.70261
-4.70242
-4.70223
-4.70204
-4.70186
-4.70167
-4.70148
-4.70129
-4.7011
-4.70091
-4.70073
-4.70054
-4.70035
-4.70016
-4.69997
-4.69978
-4.69959
-4.6994
-4.69922
-4.69903
-4.69884
-4.69865
-4.69846
-4.69827
-4.69808
-4.69789
-4.69771
-4.69752
-4.69733
-4.69714
-4.69695
-4.69676
-4.69657
-4.69638
-4.69619
-4.696
-4.69582
-4.69563
-4.69544
-4.69525
-4.69506
-4.69487
-4.69468
-4.69449
-4.6943
-4.69411
-4.69392
-4.69374
-4.69355
-4.69336
-4.69317
-4.69298
-4.69279
-4.6926
-4.69241
-4.69222
-4.69203
-4.69184
-4.69165
-4.69146
-4.69127
-4.69109
-4.6909
-4.69071
-4.69052
-4.69033
-4.69014
-4.68995
-4.68976
-4.68957
-4.68938
-4.68919
-4.689
-4.68881
-4.68862
-4.68843
-4.68824
-4.68805
-4.68786
-4.68767
-4.68748
-4.68729
-4.6871
-4.68691
-4.68673
-4.68654
-4.68635
-4.68616
-4.68597
-4.68578
-4.68559
-4.6854
-4.68521
-4.68502
-4.68483
-4.68464
-4.68445
-4.68426
-4.68407
-4.68388
-4.68369
-4.6835
-4.68331
-4.68312
-4.68293
-4.68274
-4.68255
-4.68236
-4.68217
-4.68198
-4.68179
-4.6816
-4.68141
-4.68122
-4.68103
-4.68084
-4.68065
-4.68046
-4.68027
-4.68008
-4.67989
-4.6797
-4.67951
-4.67932
-4.67913
-4.67894
-4.67875
-4.67856
-4.67837
-4.67818
-4.67799
-4.67779
-4.6776
-4.67741
-4.67722
-4.67703
-4.67684
-4.67665
-4.67646
-4.67627
-4.67608
-4.67589
-4.6757
-4.67551
-4.67532
-4.67513
-4.67494
-4.67475
-4.67456
-4.67437
-4.67418
-4.67399
-4.6738
-4.67361
-4.67342
-4.67323
-4.67304
-4.67284
-4.67265
-4.67246
-4.67227
-4.67208
-4.67189
-4.6717
-4.67151
-4.67132
-4.67113
-4.67094
-4.67075
-4.67056
-4.67037
-4.67018
-4.66999
-4.6698
-4.6696
-4.66941
-4.66922
-4.66903
-4.66884
-4.66865
-4.66846
-4.66827
-4.66808
-4.66789
-4.6677
-4.66751
-4.66732
-4.66713
-4.66693
-4.66674
-4.66655
-4.66636
-4.66617
-4.66598
-4.66579
-4.6656
-4.66541
-4.66522
-4.66503
-4.66484
-4.66464
-4.66445
-4.66426
-4.66407
-4.66388
-4.66369
-4.6635
-4.66331
-4.66312
-4.66293
-4.66274
-4.66254
-4.66235
-4.66216
-4.66197
-4.66178
-4.66159
-4.6614
-4.66121
-4.66102
-4.66083
-4.66063
-4.66044
-4.66025
-4.66006
-4.65987
-4.65968
-4.65949
-4.6593
-4.65911
-4.65892
-4.65872
-4.65853
-4.65834
-4.65815
-4.65796
-4.65777
-4.65758
-4.65739
-4.6572
-4.65701
-4.65681
-4.65662
-4.65643
-4.65624
-4.65605
-4.65586
-4.65567
-4.65548
-4.65529
-4.65509
-4.6549
-4.65471
-4.65452
-4.65433
-4.65414
-4.65395
-4.65376
-4.65356
-4.65337
-4.65318
-4.65299
-4.6528
-4.65261
-4.65242
-4.65223
-4.65204
-4.65184
-4.65165
-4.65146
-4.65127
-4.65108
-4.65089
-4.6507
-4.65051
-4.65031
-4.65012
-4.64993
-4.64974
-4.64955
-4.64936
-4.64917
-4.64898
-4.64878
-4.64859
-4.6484
-4.64821
-4.64802
-4.64783
-4.64764
-4.64745
-4.64726
-4.64706
-4.64687
-4.64668
-4.64649
-4.6463
-4.64611
-4.64592
-4.64573
-4.64553
-4.64534
-4.64515
-4.64496
-4.64477
-4.64458
-4.64439
-4.64419
-4.644
-4.64381
-4.64362
-4.64343
-4.64324
-4.64305
-4.64286
-4.64266
-4.64247
-4.64228
-4.64209
-4.6419
-4.64171
-4.64152
-4.64133
-4.64113
-4.64094
-4.64075
-4.64056
-4.64037
-4.64018
-4.63999
-4.6398
-4.6396
-4.63941
-4.63922
-4.63903
-4.63884
-4.63865
-4.63846
-4.63827
-4.63807
-4.63788
-4.63769
-4.6375
-4.63731
-4.63712
-4.63693
-4.63674
-4.63654
-4.63635
-4.63616
-4.63597
-4.63578
-4.63559
-4.6354
-4.63521
-4.63501
-4.63482
-4.63463
-4.63444
-4.63425
-4.63406
-4.63387
-4.63368
-4.63348
-4.63329
-4.6331
-4.63291
-4.63272
-4.63253
-4.63234
-4.63215
-4.63195
-4.63176
-4.63157
-4.63138
-4.63119
-4.631
-4.63081
-4.63062
-4.63042
-4.63023
-4.63004
-4.62985
-4.62966
-4.62947
-4.62928
-4.62909
-4.6289
-4.6287
-4.62851
-4.62832
-4.62813
-4.62794
-4.62775
-4.62756
-4.62737
-4.62718
-4.62698
-4.62679
-4.6266
-4.62641
-4.62622
-4.62603
-4.62584
-4.62565
-4.62546
-4.62526
-4.62507
-4.62488
-4.62469
-4.6245
-4.62431
-4.62412
-4.62393
-4.62374
-4.62354
-4.62335
-4.62316
-4.62297
-4.62278
-4.62259
-4.6224
-4.62221
-4.62202
-4.62183
-4.62163
-4.62144
-4.62125
-4.62106
-4.62087
-4.62068
-4.62049
-4.6203
-4.62011
-4.61992
-4.61972
-4.61953
-4.61934
-4.61915
-4.61896
-4.61877
-4.61858
-4.61839
-4.6182
-4.61801
-4.61782
-4.61763
-4.61743
-4.61724
-4.61705
-4.61686
-4.61667
-4.61648
-4.61629
-4.6161
-4.61591
-4.61572
-4.61553
-4.61534
-4.61514
-4.61495
-4.61476
-4.61457
-4.61438
-4.61419
-4.614
-4.61381
-4.61362
-4.61343
-4.61324
-4.61305
-4.61286
-4.61267
-4.61247
-4.61228
-4.61209
-4.6119
-4.61171
-4.61152
-4.61133
-4.61114
-4.61095
-4.61076
-4.61057
-4.61038
-4.61019
-4.61
-4.60981
-4.60962
-4.60942
-4.60923
-4.60904
-4.60885
-4.60866
-4.60847
-4.60828
-4.60809
-4.6079
-4.60771
-4.60752
-4.60733
-4.60714
-4.60695
-4.60676
-4.60657
-4.60638
-4.60619
-4.606
-4.60581
-4.60562
-4.60543
-4.60524
-4.60505
-4.60486
-4.60466
-4.60447
-4.60428
-4.60409
-4.6039
-4.60371
-4.60352
-4.60333
-4.60314
-4.60295
-4.60276
-4.60257
-4.60238
-4.60219
-4.602
-4.60181
-4.60162
-4.60143
-4.60124
-4.60105
-4.60086
-4.60067
-4.60048
-4.60029
-4.6001
-4.59991
-4.59972
-4.59953
-4.59934
-4.59915
-4.59896
-4.59877
-4.59858
-4.59839
-4.5982
-4.59801
-4.59782
-4.59763
-4.59744
-4.59725
-4.59706
-4.59687
-4.59668
-4.59649
-4.5963
-4.59611
-4.59592
-4.59573
-4.59554
-4.59535
-4.59516
-4.59498
-4.59479
-4.5946
-4.59441
-4.59422
-4.59403
-4.59384
-4.59365
-4.59346
-4.59327
-4.59308
-4.59289
-4.5927
-4.59251
-4.59232
-4.59213
-4.59194
-4.59175
-4.59156
-4.59137
-4.59118
-4.59099
-4.59081
-4.59062
-4.59043
-4.59024
-4.59005
-4.58986
-4.58967
-4.58948
-4.58929
-4.5891
-4.58891
-4.58872
-4.58853
-4.58834
-4.58816
-4.58797
-4.58778
-4.58759
-4.5874
-4.58721
-4.58702
-4.58683
-4.58664
-4.58645
-4.58626
-4.58608
-4.58589
-4.5857
-4.58551
-4.58532
-4.58513
-4.58494
-4.58475
-4.58456
-4.58438
-4.58419
-4.584
-4.58381
-4.58362
-4.58343
-4.58324
-4.58305
-4.58286
-4.58268
-4.58249
-4.5823
-4.58211
-4.58192
-4.58173
-4.58154
-4.58136
-4.58117
-4.58098
-4.58079
-4.5806
-4.58041
-4.58022
-4.58004
-4.57985
-4.57966
-4.57947
-4.57928
-4.57909
-4.5789
-4.57872
-4.57853
-4.57834
-4.57815
-4.57796
-4.57777
-4.57759
-4.5774
-4.57721
-4.57702
-4.57683
-4.57665
-4.57646
-4.57627
-4.57608
-4.57589
-4.57571
-4.57552
-4.57533
-4.57514
-4.57495
-4.57476
-4.57458
-4.57439
-4.5742
-4.57401
-4.57383
-4.57364
-4.57345
-4.57326
-4.57307
-4.57289
-4.5727
-4.57251
-4.57232
-4.57214
-4.57195
-4.57176
-4.57157
-4.57138
-4.5712
-4.57101
-4.57082
-4.57063
-4.57045
-4.57026
-4.57007
-4.56988
-4.5697
-4.56951
-4.56932
-4.56913
-4.56895
-4.56876
-4.56857
-4.56838
-4.5682
-4.56801
-4.56782
-4.56764
-4.56745
-4.56726
-4.56707
-4.56689
-4.5667
-4.56651
-4.56633
-4.56614
-4.56595
-4.56576
-4.56558
-4.56539
-4.5652
-4.56502
-4.56483
-4.56464
-4.56446
-4.56427
-4.56408
-4.5639
-4.56371
-4.56352
-4.56334
-4.56315
-4.56296
-4.56278
-4.56259
-4.5624
-4.56222
-4.56203
-4.56184
-4.56166
-4.56147
-4.56128
-4.5611
-4.56091
-4.56072
-4.56054
-4.56035
-4.56016
-4.55998
-4.55979
-4.5596
-4.55942
-4.55923
-4.55905
-4.55886
-4.55867
-4.55849
-4.5583
-4.55812
-4.55793
-4.55774
-4.55756
-4.55737
-4.55719
-4.557
-4.55681
-4.55663
-4.55644
-4.55626
-4.55607
-4.55588
-4.5557
-4.55551
-4.55533
-4.55514
-4.55496
-4.55477
-4.55458
-4.5544
-4.55421
-4.55403
-4.55384
-4.55366
-4.55347
-4.55328
-4.5531
-4.55291
-4.55273
-4.55254
-4.55236
-4.55217
-4.55199
-4.5518
-4.55162
-4.55143
-4.55125
-4.55106
-4.55088
-4.55069
-4.55051
-4.55032
-4.55014
-4.54995
-4.54977
-4.54958
-4.5494
-4.54921
-4.54903
-4.54884
-4.54866
-4.54847
-4.54829
-4.5481
-4.54792
-4.54773
-4.54755
-4.54736
-4.54718
-4.54699
-4.54681
-4.54662
-4.54644
-4.54626
-4.54607
-4.54589
-4.5457
-4.54552
-4.54533
-4.54515
-4.54496
-4.54478
-4.5446
-4.54441
-4.54423
-4.54404
-4.54386
-4.54367
-4.54349
-4.54331
-4.54312
-4.54294
-4.54275
-4.54257
-4.54239
-4.5422
-4.54202
-4.54184
-4.54165
-4.54147
-4.54128
-4.5411
-4.54092
-4.54073
-4.54055
-4.54037
-4.54018
-4.54
-4.53981
-4.53963
-4.53945
-4.53926
-4.53908
-4.5389
-4.53871
-4.53853
-4.53835
-4.53816
-4.53798
-4.5378
-4.53761
-4.53743
-4.53725
-4.53706
-4.53688
-4.5367
-4.53652
-4.53633
-4.53615
-4.53597
-4.53578
-4.5356
-4.53542
-4.53524
-4.53505
-4.53487
-4.53469
-4.5345
-4.53432
-4.53414
-4.53396
-4.53377
-4.53359
-4.53341
-4.53323
-4.53304
-4.53286
-4.53268
-4.5325
-4.53231
-4.53213
-4.53195
-4.53177
-4.53159
-4.5314
-4.53122
-4.53104
-4.53086
-4.53067
-4.53049
-4.53031
-4.53013
-4.52995
-4.52977
-4.52958
-4.5294
-4.52922
-4.52904
-4.52886
-4.52867
-4.52849
-4.52831
-4.52813
-4.52795
-4.52777
-4.52758
-4.5274
-4.52722
-4.52704
-4.52686
-4.52668
-4.5265
-4.52631
-4.52613
-4.52595
-4.52577
-4.52559
-4.52541
-4.52523
-4.52505
-4.52487
-4.52468
-4.5245
-4.52432
-4.52414
-4.52396
-4.52378
-4.5236
-4.52342
-4.52324
-4.52306
-4.52288
-4.5227
-4.52252
-4.52233
-4.52215
-4.52197
-4.52179
-4.52161
-4.52143
-4.52125
-4.52107
-4.52089
-4.52071
-4.52053
-4.52035
-4.52017
-4.51999
-4.51981
-4.51963
-4.51945
-4.51927
-4.51909
-4.51891
-4.51873
-4.51855
-4.51837
-4.51819
-4.51801
-4.51783
-4.51765
-4.51747
-4.51729
-4.51711
-4.51693
-4.51675
-4.51657
-4.51639
-4.51622
-4.51604
-4.51586
-4.51568
-4.5155
-4.51532
-4.51514
-4.51496
-4.51478
-4.5146
-4.51442
-4.51424
-4.51407
-4.51389
-4.51371
-4.51353
-4.51335
-4.51317
-4.51299
-4.51281
-4.51263
-4.51246
-4.51228
-4.5121
-4.51192
-4.51174
-4.51156
-4.51138
-4.51121
-4.51103
-4.51085
-4.51067
-4.51049
-4.51031
-4.51014
-4.50996
-4.50978
-4.5096
-4.50942
-4.50925
-4.50907
-4.50889
-4.50871
-4.50853
-4.50836
-4.50818
-4.508
-4.50782
-4.50765
-4.50747
-4.50729
-4.50711
-4.50694
-4.50676
-4.50658
-4.5064
-4.50623
-4.50605
-4.50587
-4.50569
-4.50552
-4.50534
-4.50516
-4.50498
-4.50481
-4.50463
-4.50445
-4.50428
-4.5041
-4.50392
-4.50375
-4.50357
-4.50339
-4.50322
-4.50304
-4.50286
-4.50269
-4.50251
-4.50233
-4.50216
-4.50198
-4.5018
-4.50163
-4.50145
-4.50127
-4.5011
-4.50092
-4.50075
-4.50057
-4.50039
-4.50022
-4.50004
-4.49987
-4.49969
-4.49951
-4.49934
-4.49916
-4.49899
-4.49881
-4.49863
-4.49846
-4.49828
-4.49811
-4.49793
-4.49776
-4.49758
-4.49741
-4.49723
-4.49706
-4.49688
-4.4967
-4.49653
-4.49635
-4.49618
-4.496
-4.49583
-4.49565
-4.49548
-4.4953
-4.49513
-4.49495
-4.49478
-4.4946
-4.49443
-4.49426
-4.49408
-4.49391
-4.49373
-4.49356
-4.49338
-4.49321
-4.49303
-4.49286
-4.49268
-4.49251
-4.49234
-4.49216
-4.49199
-4.49181
-4.49164
-4.49147
-4.49129
-4.49112
-4.49094
-4.49077
-4.4906
-4.49042
-4.49025
-4.49007
-4.4899
-4.48973
-4.48955
-4.48938
-4.48921
-4.48903
-4.48886
-4.48869
-4.48851
-4.48834
-4.48817
-4.48799
-4.48782
-4.48765
-4.48747
-4.4873
-4.48713
-4.48696
-4.48678
-4.48661
-4.48644
-4.48626
-4.48609
-4.48592
-4.48575
-4.48557
-4.4854
-4.48523
-4.48506
-4.48488
-4.48471
-4.48454
-4.48437
-4.48419
-4.48402
-4.48385
-4.48368
-4.48351
-4.48333
-4.48316
-4.48299
-4.48282
-4.48265
-4.48247
-4.4823
-4.48213
-4.48196
-4.48179
-4.48162
-4.48144
-4.48127
-4.4811
-4.48093
-4.48076
-4.48059
-4.48042
-4.48025
-4.48007
-4.4799
-4.47973
-4.47956
-4.47939
-4.47922
-4.47905
-4.47888
-4.47871
-4.47854
-4.47836
-4.47819
-4.47802
-4.47785
-4.47768
-4.47751
-4.47734
-4.47717
-4.477
-4.47683
-4.47666
-4.47649
-4.47632
-4.47615
-4.47598
-4.47581
-4.47564
-4.47547
-4.4753
-4.47513
-4.47496
-4.47479
-4.47462
-4.47445
-4.47428
-4.47411
-4.47394
-4.47377
-4.4736
-4.47343
-4.47326
-4.4731
-4.47293
-4.47276
-4.47259
-4.47242
-4.47225
-4.47208
-4.47191
-4.47174
-4.47157
-4.4714
-4.47124
-4.47107
-4.4709
-4.47073
-4.47056
-4.47039
-4.47022
-4.47006
-4.46989
-4.46972
-4.46955
-4.46938
-4.46921
-4.46905
-4.46888
-4.46871
-4.46854
-4.46837
-4.46821
-4.46804
-4.46787
-4.4677
-4.46753
-4.46737
-4.4672
-4.46703
-4.46686
-4.4667
-4.46653
-4.46636
-4.46619
-4.46603
-4.46586
-4.46569
-4.46553
-4.46536
-4.46519
-4.46502
-4.46486
-4.46469
-4.46452
-4.46436
-4.46419
-4.46402
-4.46386
-4.46369
-4.46352
-4.46336
-4.46319
-4.46302
-4.46286
-4.46269
-4.46253
-4.46236
-4.46219
-4.46203
-4.46186
-4.4617
-4.46153
-4.46136
-4.4612
-4.46103
-4.46087
-4.4607
-4.46053
-4.46037
-4.4602
-4.46004
-4.45987
-4.45971
-4.45954
-4.45938
-4.45921
-4.45905
-4.45888
-4.45872
-4.45855
-4.45839
-4.45822
-4.45806
-4.45789
-4.45773
-4.45756
-4.4574
-4.45723
-4.45707
-4.4569
-4.45674
-4.45657
-4.45641
-4.45625
-4.45608
-4.45592
-4.45575
-4.45559
-4.45542
-4.45526
-4.4551
-4.45493
-4.45477
-4.4546
-4.45444
-4.45428
-4.45411
-4.45395
-4.45379
-4.45362
-4.45346
-4.4533
-4.45313
-4.45297
-4.45281
-4.45264
-4.45248
-4.45232
-4.45215
-4.45199
-4.45183
-4.45167
-4.4515
-4.45134
-4.45118
-4.45101
-4.45085
-4.45069
-4.45053
-4.45036
-4.4502
-4.45004
-4.44988
-4.44971
-4.44955
-4.44939
-4.44923
-4.44907
-4.4489
-4.44874
-4.44858
-4.44842
-4.44826
-4.4481
-4.44793
-4.44777
-4.44761
-4.44745
-4.44729
-4.44713
-4.44696
-4.4468
-4.44664
-4.44648
-4.44632
-4.44616
-4.446
-4.44584
-4.44568
-4.44552
-4.44535
-4.44519
-4.44503
-4.44487
-4.44471
-4.44455
-4.44439
-4.44423
-4.44407
-4.44391
-4.44375
-4.44359
-4.44343
-4.44327
-4.44311
-4.44295
-4.44279
-4.44263
-4.44247
-4.44231
-4.44215
-4.44199
-4.44183
-4.44167
-4.44151
-4.44135
-4.44119
-4.44103
-4.44087
-4.44072
-4.44056
-4.4404
-4.44024
-4.44008
-4.43992
-4.43976
-4.4396
-4.43944
-4.43928
-4.43913
-4.43897
-4.43881
-4.43865
-4.43849
-4.43833
-4.43818
-4.43802
-4.43786
-4.4377
-4.43754
-4.43738
-4.43723
-4.43707
-4.43691
-4.43675
-4.4366
-4.43644
-4.43628
-4.43612
-4.43597
-4.43581
-4.43565
-4.43549
-4.43534
-4.43518
-4.43502
-4.43486
-4.43471
-4.43455
-4.43439
-4.43424
-4.43408
-4.43392
-4.43377
-4.43361
-4.43345
-4.4333
-4.43314
-4.43298
-4.43283
-4.43267
-4.43251
-4.43236
-4.4322
-4.43205
-4.43189
-4.43173
-4.43158
-4.43142
-4.43127
-4.43111
-4.43095
-4.4308
-4.43064
-4.43049
-4.43033
-4.43018
-4.43002
-4.42987
-4.42971
-4.42956
-4.4294
-4.42925
-4.42909
-4.42894
-4.42878
-4.42863
-4.42847
-4.42832
-4.42816
-4.42801
-4.42785
-4.4277
-4.42754
-4.42739
-4.42724
-4.42708
-4.42693
-4.42677
-4.42662
-4.42647
-4.42631
-4.42616
-4.426
-4.42585
-4.4257
-4.42554
-4.42539
-4.42524
-4.42508
-4.42493
-4.42478
-4.42462
-4.42447
-4.42432
-4.42416
-4.42401
-4.42386
-4.4237
-4.42355
-4.4234
-4.42325
-4.42309
-4.42294
-4.42279
-4.42264
-4.42248
-4.42233
-4.42218
-4.42203
-4.42187
-4.42172
-4.42157
-4.42142
-4.42127
-4.42111
-4.42096
-4.42081
-4.42066
-4.42051
-4.42036
-4.4202
-4.42005
-4.4199
-4.41975
-4.4196
-4.41945
-4.4193
-4.41915
-4.41899
-4.41884
-4.41869
-4.41854
-4.41839
-4.41824
-4.41809
-4.41794
-4.41779
-4.41764
-4.41749
-4.41734
-4.41719
-4.41704
-4.41689
-4.41674
-4.41659
-4.41644
-4.41629
-4.41614
-4.41599
-4.41584
-4.41569
-4.41554
-4.41539
-4.41524
-4.41509
-4.41494
-4.41479
-4.41464
-4.41449
-4.41434
-4.41419
-4.41405
-4.4139
-4.41375
-4.4136
-4.41345
-4.4133
-4.41315
-4.413
-4.41286
-4.41271
-4.41256
-4.41241
-4.41226
-4.41211
-4.41197
-4.41182
-4.41167
-4.41152
-4.41138
-4.41123
-4.41108
-4.41093
-4.41078
-4.41064
-4.41049
-4.41034
-4.41019
-4.41005
-4.4099
-4.40975
-4.40961
-4.40946
-4.40931
-4.40917
-4.40902
-4.40887
-4.40872
-4.40858
-4.40843
-4.40829
-4.40814
-4.40799
-4.40785
-4.4077
-4.40755
-4.40741
-4.40726
-4.40712
-4.40697
-4.40682
-4.40668
-4.40653
-4.40639
-4.40624
-4.4061
-4.40595
-4.4058
-4.40566
-4.40551
-4.40537
-4.40522
-4.40508
-4.40493
-4.40479
-4.40464
-4.4045
-4.40435
-4.40421
-4.40406
-4.40392
-4.40378
-4.40363
-4.40349
-4.40334
-4.4032
-4.40305
-4.40291
-4.40277
-4.40262
-4.40248
-4.40233
-4.40219
-4.40205
-4.4019
-4.40176
-4.40162
-4.40147
-4.40133
-4.40119
-4.40104
-4.4009
-4.40076
-4.40061
-4.40047
-4.40033
-4.40019
-4.40004
-4.3999
-4.39976
-4.39961
-4.39947
-4.39933
-4.39919
-4.39904
-4.3989
-4.39876
-4.39862
-4.39848
-4.39833
-4.39819
-4.39805
-4.39791
-4.39777
-4.39763
-4.39748
-4.39734
-4.3972
-4.39706
-4.39692
-4.39678
-4.39664
-4.39649
-4.39635
-4.39621
-4.39607
-4.39593
-4.39579
-4.39565
-4.39551
-4.39537
-4.39523
-4.39509
-4.39495
-4.39481
-4.39467
-4.39453
-4.39439
-4.39425
-4.39411
-4.39397
-4.39383
-4.39369
-4.39355
-4.39341
-4.39327
-4.39313
-4.39299
-4.39285
-4.39271
-4.39257
-4.39243
-4.39229
-4.39215
-4.39202
-4.39188
-4.39174
-4.3916
-4.39146
-4.39132
-4.39118
-4.39104
-4.39091
-4.39077
-4.39063
-4.39049
-4.39035
-4.39022
-4.39008
-4.38994
-4.3898
-4.38966
-4.38953
-4.38939
-4.38925
-4.38911
-4.38898
-4.38884
-4.3887
-4.38856
-4.38843
-4.38829
-4.38815
-4.38802
-4.38788
-4.38774
-4.38761
-4.38747
-4.38733
-4.3872
-4.38706
-4.38692
-4.38679
-4.38665
-4.38651
-4.38638
-4.38624
-4.38611
-4.38597
-4.38583
-4.3857
-4.38556
-4.38543
-4.38529
-4.38516
-4.38502
-4.38489
-4.38475
-4.38462
-4.38448
-4.38435
-4.38421
-4.38408
-4.38394
-4.38381
-4.38367
-4.38354
-4.3834
-4.38327
-4.38313
-4.383
-4.38286
-4.38273
-4.3826
-4.38246
-4.38233
-4.38219
-4.38206
-4.38193
-4.38179
-4.38166
-4.38153
-4.38139
-4.38126
-4.38113
-4.38099
-4.38086
-4.38073
-4.38059
-4.38046
-4.38033
-4.38019
-4.38006
-4.37993
-4.3798
-4.37966
-4.37953
-4.3794
-4.37927
-4.37913
-4.379
-4.37887
-4.37874
-4.37861
-4.37847
-4.37834
-4.37821
-4.37808
-4.37795
-4.37782
-4.37768
-4.37755
-4.37742
-4.37729
-4.37716
-4.37703
-4.3769
-4.37677
-4.37663
-4.3765
-4.37637
-4.37624
-4.37611
-4.37598
-4.37585
-4.37572
-4.37559
-4.37546
-4.37533
-4.3752
-4.37507
-4.37494
-4.37481
-4.37468
-4.37455
-4.37442
-4.37429
-4.37416
-4.37403
-4.3739
-4.37377
-4.37364
-4.37352
-4.37339
-4.37326
-4.37313
-4.373
-4.37287
-4.37274
-4.37261
-4.37248
-4.37236
-4.37223
-4.3721
-4.37197
-4.37184
-4.37172
-4.37159
-4.37146
-4.37133
-4.3712
-4.37108
-4.37095
-4.37082
-4.37069
-4.37057
-4.37044
-4.37031
-4.37018
-4.37006
-4.36993
-4.3698
-4.36968
-4.36955
-4.36942
-4.3693
-4.36917
-4.36904
-4.36892
-4.36879
-4.36866
-4.36854
-4.36841
-4.36828
-4.36816
-4.36803
-4.36791
-4.36778
-4.36765
-4.36753
-4.3674
-4.36728
-4.36715
-4.36703
-4.3669
-4.36678
-4.36665
-4.36653
-4.3664
-4.36628
-4.36615
-4.36603
-4.3659
-4.36578
-4.36565
-4.36553
-4.3654
-4.36528
-4.36516
-4.36503
-4.36491
-4.36478
-4.36466
-4.36454
-4.36441
-4.36429
-4.36416
-4.36404
-4.36392
-4.36379
-4.36367
-4.36355
-4.36342
-4.3633
-4.36318
-4.36306
-4.36293
-4.36281
-4.36269
-4.36256
-4.36244
-4.36232
-4.3622
-4.36207
-4.36195
-4.36183
-4.36171
-4.36159
-4.36146
-4.36134
-4.36122
-4.3611
-4.36098
-4.36086
-4.36073
-4.36061
-4.36049
-4.36037
-4.36025
-4.36013
-4.36001
-4.35989
-4.35977
-4.35964
-4.35952
-4.3594
-4.35928
-4.35916
-4.35904
-4.35892
-4.3588
-4.35868
-4.35856
-4.35844
-4.35832
-4.3582
-4.35808
-4.35796
-4.35784
-4.35772
-4.3576
-4.35748
-4.35736
-4.35724
-4.35713
-4.35701
-4.35689
-4.35677
-4.35665
-4.35653
-4.35641
-4.35629
-4.35617
-4.35606
-4.35594
-4.35582
-4.3557
-4.35558
-4.35547
-4.35535
-4.35523
-4.35511
-4.35499
-4.35488
-4.35476
-4.35464
-4.35452
-4.35441
-4.35429
-4.35417
-4.35405
-4.35394
-4.35382
-4.3537
-4.35359
-4.35347
-4.35335
-4.35324
-4.35312
-4.353
-4.35289
-4.35277
-4.35265
-4.35254
-4.35242
-4.35231
-4.35219
-4.35207
-4.35196
-4.35184
-4.35173
-4.35161
-4.3515
-4.35138
-4.35127
-4.35115
-4.35104
-4.35092
-4.35081
-4.35069
-4.35058
-4.35046
-4.35035
-4.35023
-4.35012
-4.35
-4.34989
-4.34978
-4.34966
-4.34955
-4.34943
-4.34932
-4.34921
-4.34909
-4.34898
-4.34886
-4.34875
-4.34864
-4.34852
-4.34841
-4.3483
-4.34818
-4.34807
-4.34796
-4.34785
-4.34773
-4.34762
-4.34751
-4.3474
-4.34728
-4.34717
-4.34706
-4.34695
-4.34683
-4.34672
-4.34661
-4.3465
-4.34639
-4.34627
-4.34616
-4.34605
-4.34594
-4.34583
-4.34572
-4.34561
-4.34549
-4.34538
-4.34527
-4.34516
-4.34505
-4.34494
-4.34483
-4.34472
-4.34461
-4.3445
-4.34439
-4.34428
-4.34417
-4.34406
-4.34395
-4.34384
-4.34373
-4.34362
-4.34351
-4.3434
-4.34329
-4.34318
-4.34307
-4.34296
-4.34285
-4.34274
-4.34263
-4.34252
-4.34241
-4.34231
-4.3422
-4.34209
-4.34198
-4.34187
-4.34176
-4.34165
-4.34155
-4.34144
-4.34133
-4.34122
-4.34111
-4.34101
-4.3409
-4.34079
-4.34068
-4.34057
-4.34047
-4.34036
-4.34025
-4.34015
-4.34004
-4.33993
-4.33982
-4.33972
-4.33961
-4.3395
-4.3394
-4.33929
-4.33918
-4.33908
-4.33897
-4.33887
-4.33876
-4.33865
-4.33855
-4.33844
-4.33834
-4.33823
-4.33812
-4.33802
-4.33791
-4.33781
-4.3377
-4.3376
-4.33749
-4.33739
-4.33728
-4.33718
-4.33707
-4.33697
-4.33686
-4.33676
-4.33665
-4.33655
-4.33645
-4.33634
-4.33624
-4.33613
-4.33603
-4.33593
-4.33582
-4.33572
-4.33561
-4.33551
-4.33541
-4.3353
-4.3352
-4.3351
-4.33499
-4.33489
-4.33479
-4.33469
-4.33458
-4.33448
-4.33438
-4.33427
-4.33417
-4.33407
-4.33397
-4.33387
-4.33376
-4.33366
-4.33356
-4.33346
-4.33336
-4.33325
-4.33315
-4.33305
-4.33295
-4.33285
-4.33275
-4.33264
-4.33254
-4.33244
-4.33234
-4.33224
-4.33214
-4.33204
-4.33194
-4.33184
-4.33174
-4.33164
-4.33154
-4.33144
-4.33134
-4.33124
-4.33114
-4.33104
-4.33094
-4.33084
-4.33074
-4.33064
-4.33054
-4.33044
-4.33034
-4.33024
-4.33014
-4.33004
-4.32994
-4.32984
-4.32975
-4.32965
-4.32955
-4.32945
-4.32935
-4.32925
-4.32916
-4.32906
-4.32896
-4.32886
-4.32876
-4.32867
-4.32857
-4.32847
-4.32837
-4.32827
-4.32818
-4.32808
-4.32798
-4.32789
-4.32779
-4.32769
-4.32759
-4.3275
-4.3274
-4.3273
-4.32721
-4.32711
-4.32701
-4.32692
-4.32682
-4.32673
-4.32663
-4.32653
-4.32644
-4.32634
-4.32625
-4.32615
-4.32606
-4.32596
-4.32586
-4.32577
-4.32567
-4.32558
-4.32548
-4.32539
-4.32529
-4.3252
-4.3251
-4.32501
-4.32492
-4.32482
-4.32473
-4.32463
-4.32454
-4.32444
-4.32435
-4.32426
-4.32416
-4.32407
-4.32398
-4.32388
-4.32379
-4.3237
-4.3236
-4.32351
-4.32342
-4.32332
-4.32323
-4.32314
-4.32304
-4.32295
-4.32286
-4.32277
-4.32267
-4.32258
-4.32249
-4.3224
-4.3223
-4.32221
-4.32212
-4.32203
-4.32194
-4.32185
-4.32175
-4.32166
-4.32157
-4.32148
-4.32139
-4.3213
-4.32121
-4.32112
-4.32102
-4.32093
-4.32084
-4.32075
-4.32066
-4.32057
-4.32048
-4.32039
-4.3203
-4.32021
-4.32012
-4.32003
-4.31994
-4.31985
-4.31976
-4.31967
-4.31958
-4.31949
-4.3194
-4.31931
-4.31922
-4.31914
-4.31905
-4.31896
-4.31887
-4.31878
-4.31869
-4.3186
-4.31851
-4.31843
-4.31834
-4.31825
-4.31816
-4.31807
-4.31799
-4.3179
-4.31781
-4.31772
-4.31764
-4.31755
-4.31746
-4.31737
-4.31729
-4.3172
-4.31711
-4.31702
-4.31694
-4.31685
-4.31676
-4.31668
-4.31659
-4.31651
-4.31642
-4.31633
-4.31625
-4.31616
-4.31607
-4.31599
-4.3159
-4.31582
-4.31573
-4.31565
-4.31556
-4.31547
-4.31539
-4.3153
-4.31522
-4.31513
-4.31505
-4.31496
-4.31488
-4.3148
-4.31471
-4.31463
-4.31454
-4.31446
-4.31437
-4.31429
-4.31421
-4.31412
-4.31404
-4.31395
-4.31387
-4.31379
-4.3137
-4.31362
-4.31354
-4.31345
-4.31337
-4.31329
-4.3132
-4.31312
-4.31304
-4.31296
-4.31287
-4.31279
-4.31271
-4.31263
-4.31254
-4.31246
-4.31238
-4.3123
-4.31221
-4.31213
-4.31205
-4.31197
-4.31189
-4.31181
-4.31173
-4.31164
-4.31156
-4.31148
-4.3114
-4.31132
-4.31124
-4.31116
-4.31108
-4.311
-4.31092
-4.31084
-4.31076
-4.31068
-4.3106
-4.31052
-4.31044
-4.31036
-4.31028
-4.3102
-4.31012
-4.31004
-4.30996
-4.30988
-4.3098
-4.30972
-4.30964
-4.30956
-4.30948
-4.3094
-4.30933
